4833455
729602
3991817
8324873
1772021
1141264
2966543
905753
1678817
9619279
6745527
1747084
6290020
5303101
6995606
5208339
8717951
5536445
3925531
2308785
4206503
944463
5355563
5208488
3881657
6254489
6990046
987928
227793
9816704
5414862
7037321
9803860
3364336
6313798
3098350
1339790
1519978
4461898
1174459
1622328
2102988
7818410
2483619
6527037
7955343
3708027
7473994
7910291
6988563
2222398
5864954
759599
2083109
7699224
9391045
5206871
5375660
2410216
8086099
6928549
7703204
2558015
3035755
6130028
6647810
2283644
269060
163489
3602262
7040748
4055551
5244954
4955936
5657960
1934376
3516910
8320701
7305111
3250072
223801
8449408
3452338
5466186
2250881
6410898
4858576
1412544
218158
3867491
9914491
5041629
1143162
7600828
7230482
572199
3755169
1799888
452274
4621869
4370038
1681935
3398766
2184425
6636684
4953308
1611390
1787037
5829530
4123396
3493970
6828116
177226
558488
4615280
1561277
3537524
7898380
3907428
6713678
228527
959650
9596091
5540479
8878311
2978424
5411268
3631534
3154141
7557094
9464268
3787280
9235058
1230832
2547984
6734244
2683516
5474297
538468
5929430
8088360
1686409
688163
9336025
8119388
4721612
959909
4605806
7200431
3681071
1027854
2872089
3865795
2335542
5782650
4627401
2010681
2000667
8060372
721670
855563
3411427
8149882
6689798
1946131
2263530
354050
3389143
5993190
5180043
3930660
9240835
9896336
8569414
8399140
917546
2111863
5836861
2525959
8853087
9937896
8806586
9922618
6074865
5635193
8398462
7655449
564682
7349741
7484415
2954265
7235557
1482560
6378983
5373304
2855111
5583396
5630856
9250634
4087091
1963061
1222962
8406932
8958648
5332095
8571637
721779
9366090
8281668
4183586
3106186
8468751
2919029
2649482
4360008
2989373
9348667
7610761
5929859
6593855
1533863
5572019
2140895
2615161
9449987
9911736
8293688
7676872
101518
2796948
5839114
6183165
1418511
1656646
1749192
6030864
7608868
3934833
8911600
4685001
7782381
6925066
7067245
7736069
1594338
5800383
6332342
2571078
2433410
757975
7396250
3679140
2161509
1100238
758057
8931024
1010511
2224159
4541390
3073627
3212958
6800081
1132543
7514261
3115692
5111103
5769747
9421534
7813335
802701
3493861
5968654
6837638
4445639
1860324
6388954
7395809
9393882
248185
5422053
2239814
267658
516647
6692029
2626807
2052168
9504203
4171104
2077347
4433520
4620382
4582395
2969088
3680028
8000241
1812658
3035144
9062744
1092728
3486767
3907896
2940827
8441404
9925785
9642504
4157815
5384793
7392541
3929630
9150927
49393
1404072
6764253
1785484
7538675
2208704
2229166
2007857
4883711
7151344
1346311
6774956
4383598
7570671
2581595
620798
3047712
8832138
9330729
5260786
7125868
6815903
9944389
9055501
3691653
3833046
2570860
965288
935689
8772398
4867344
1368216
8356105
6628250
7059492
4650838
6094115
3295604
1594901
2115487
7889534
6368035
9525176
2184075
3379000
8228853
9346189
6196082
7892550
1609993
9414115
5282258
4058170
9237400
7331041
3726317
2053472
3082336
6043790
9185483
1942340
7173414
4196336
9547085
8306198
7102489
3468278
9793780
3967200
9156975
6127927
708052
9637444
3387421
7706454
8445744
4250286
6967342
5908128
6588590
5102660
8812648
3445107
4971701
158561
5690285
8377264
9646715
6875236
3433703
440011
2642909
4874676
9815397
8788289
7893689
9521919
762219
2220068
5610185
6894823
2427228
6321024
8684125
2210158
7375021
8225536
9222829
641328
6886119
872523
2136230
2890829
3338208
9482589
4695701
9715592
9207926
1414566
4724213
832159
9421614
845404
385943
39006
4439559
8274565
6186941
8226624
5798267
1636585
8961161
8769281
1886814
1440324
4867531
7365065
9531458
8647712
4612952
6690924
1610281
1919053
9401865
3668737
4694155
6002608
4987766
9996070
2101901
1520606
6134367
4406619
9365184
4891004
6286448
9111461
7575117
9588073
4937213
6660283
5013723
6248546
1399161
9536383
3939597
1776682
1872363
3587898
2238135
8645965
4142025
5991937
1426750
7953656
2873397
733432
9334713
9191997
7682763
6768547
7713243
8400996
4669476
7834945
9106784
6183166
6073027
8438842
2938146
5754680
5069821
1666310
4923994
9136476
3382165
9320929
3373820
5050106
4209214
7972481
3087614
6332242
2952474
9024207
5496689
3747178
9401210
966788
727675
3917091
8766207
4090560
7836910
9620434
4822371
8879408
4905036
9389883
4240947
7857957
8351371
7414881
1871259
2731774
3677868
2603251
1687182
591569
4882219
8315118
1868039
90941
8428067
6995715
8810075
1049116
9730802
506983
1531765
6254288
6212810
6773969
848609
9276810
7124796
3642919
8566463
2957206
8641834
834212
3688254
3963202
2538703
5076130
7235882
3902090
2364214
7356430
9742696
7349768
2623783
9341437
9163066
6233193
4844229
1025953
2763095
9764364
316900
5943362
6710646
3377319
7273979
8405479
8980071
3323571
8622692
3451731
8302147
5234204
22903
4090320
9837383
1923506
9584973
3177198
5838712
8779607
7069338
8187430
4153737
4046990
4652380
6379081
7898989
8359179
4845583
5237443
7893123
6432086
8144130
1759292
4199482
9856392
5980616
9447780
5229081
9420323
5546672
1161889
1286384
6345525
4484442
206779
5582307
5679169
8564891
6115958
3736229
8528218
4434734
4631254
6261602
7621563
2365265
1280209
4950468
6948676
9632183
491982
4626580
9159971
3895130
4794416
1952098
2467576
2905671
1306490
6171844
9827139
1752224
3161145
8680498
4000567
5144847
3090977
1464849
435567
5854523
7623393
4834338
2299159
2271507
3583384
4884600
5532317
586236
6500912
8150075
1390979
5721171
1107154
3911694
3251002
3296180
3638567
5352878
8653495
3143073
3549678
8299501
9270002
2088794
6667822
1029273
4101217
901323
9892078
9312327
7273599
8877436
9273453
6676484
5622645
3188906
8250132
1570820
922746
4868112
1665616
4335223
1368354
8463696
1291128
4055489
5120216
8912941
5533737
5712318
4305782
2515939
3432678
8606568
938333
8181063
948497
7047385
3555704
4146315
6089221
5465803
4845656
2588142
3057779
7745319
4362172
2705226
8465215
37124
5374208
1128400
3835145
8696407
8510655
1053679
1942063
2330637
7742702
2481381
4298672
8877494
7858476
2885692
2343020
3283693
9998262
678731
1933304
3541499
6513625
2831338
6000274
1090717
400436
6142863
4661603
8418397
2432560
1322242
5483219
1445224
621587
3556674
4045588
8729459
7887246
6936549
2678775
775164
1188602
7780515
5579112
1107661
8253629
4552294
8168119
3581477
8547519
1532408
3348148
2391088
5490256
9689506
350173
4315765
9048964
2365110
7755236
4413512
3448766
8421998
8552240
3137331
5348744
3088399
6765171
6826992
77487
3032776
508774
6132535
3080165
5405530
6340779
3162590
5250265
8132904
4485359
2489916
4441183
6598439
8925018
5202779
2282764
7310683
8149468
2801133
474886
9260089
1434156
1609941
111873
8292127
4623626
9754943
4524546
9100984
6799784
8695879
7023388
8046599
3544565
9514973
2621886
161647
4746705
2568282
155651
751042
2065395
812119
2382281
7642217
3767203
3745892
5209312
4540673
2852552
2459760
2591637
5655123
3089617
6635505
586377
8095809
4062678
417694
4241457
9232046
7369977
6021196
6306745
2416601
597505
7258878
1629054
3236889
2762673
1041396
3207224
9499474
2106863
4763130
2639397
180574
1790434
7146346
3818323
4848163
9869460
3893487
3419388
6957687
4785855
2062111
2451287
4700735
2381095
6013458
5474059
6394859
5230052
8271787
5765353
9019131
7370656
5633777
6983331
7153216
7035998
9714983
9497482
2606849
3769676
9494163
1996666
5403619
8401430
9392630
4833367
4325512
4963885
9442572
6300544
7939187
9689609
1035332
5179577
4498904
4944430
7339630
1258760
9520719
5956664
4035251
4549300
1812836
2712496
7241974
3158026
4732920
3583881
5471641
3213554
9236778
6291681
4103247
8214821
5736903
1780359
5395560
8087477
1395059
3326938
7729914
9242936
9480285
6873792
2364530
8125521
7702373
2310639
7331241
247963
4510725
2924455
9381271
7942569
2363116
5538719
9949265
190152
9049882
4645505
7478319
3240917
8291241
3610662
2418181
3220707
6284587
3914077
6150043
9390057
6978125
2898580
1845180
1883112
2843637
8269957
6942872
8882803
5407282
4786457
6705801
7847707
8942265
1576533
5877483
7677135
6592871
9263580
1184553
7138255
5796115
1525233
927764
1742841
8381246
7917641
6629573
6670538
818769
8479026
7312452
8963115
8952026
1935213
8459114
6506249
2501554
9948438
474524
9642731
2636815
9203279
4829502
7406107
8438933
4849327
2747210
1590413
2054525
6292564
1171766
8494995
834841
3596517
999907
966176
5086499
1540599
8360530
2513703
468275
1736904
7416443
2451825
6126301
9523412
7933131
2880260
2672484
8117217
6071067
6362872
7940225
6245503
8052802
5277970
5385385
6625820
5662738
4158192
2724495
9323237
4462885
6848589
4387610
7904557
8622082
8276005
900917
5728559
7035924
5798989
4576941
4876995
5452149
3334995
3613590
4450389
9141939
6704260
6396148
7785320
6986285
6762831
7023086
54579
1749769
114739
8654870
2794627
1219453
6964940
242259
7167778
9342239
6809872
8580412
5261955
4939574
453429
4693284
2190903
8764789
3927482
4063077
9974936
1470531
9803641
5346787
532851
8486628
6712664
8048023
5956019
2329699
6939226
1427625
7472935
1789221
1589402
339963
8155034
4864192
7987554
1490800
2908204
3712009
278625
7680857
174794
1376244
6374405
5564250
8759841
6796702
211642
212717
5370541
229449
8475890
9077702
2774216
1281073
8499368
3202288
1164102
8171250
4123940
2081617
414182
2150251
9958205
1635580
6365667
6172827
5800009
9119050
8232469
7417393
3463100
5831924
1955274
8043348
1703752
6212238
2163315
1759066
8407544
9912564
9483968
8559246
3962876
7244627
3424175
2318313
5664997
3276794
5445826
6637726
8576388
5309682
2352643
1060434
8240935
5629425
7037646
5440805
9508832
6817684
3635453
2329394
6987924
8042601
7438560
7976821
9857364
7501888
2103917
9761275
4016778
8308121
2395681
9558210
6277855
6608360
7962806
8563052
3476653
918627
4766060
1472648
1202460
8163324
8873022
322976
5428782
3868240
5557656
9453453
2960770
5413801
1485035
6275563
6446353
5829317
8775669
3182998
8503493
5576131
7051092
2276565
309846
8961476
3529444
6870656
9735182
2476475
1551215
9773047
8205448
2321633
2411153
2162645
903433
4459131
5084312
8136292
3280885
3730310
1148253
1025533
8274233
4815437
105555
2368968
5802845
6883200
2739683
5551337
5155407
7582468
7155994
5172154
7022642
140550
4677549
1319315
6120585
7687916
6938994
3748717
6979030
3740583
4241159
4095795
749241
2150798
1087107
6628735
157376
895281
2678514
8365113
537100
1098187
4469442
9606353
8678319
8049161
1291503
3111284
1921482
1932249
3783557
2729463
5473648
8508990
277110
8975695
7923768
2072172
1384701
6308296
7202567
4750717
535958
4958533
163784
7754357
2922427
8715020
849786
2745234
5829714
8511750
6403996
6464466
269055
5287070
9431436
387628
1190565
8709563
5268452
4627957
7877677
8098412
5503665
6516246
4419217
2773412
1692581
2507808
1344887
5231849
8974291
1989199
4967766
8371121
244838
8371349
5166009
59302
9292647
5342072
3083412
7031595
8431347
6833938
2186345
3788906
7068522
33033
7237397
10591
8094994
2391605
8336909
8545878
7946414
764968
456203
4296405
2318704
4958661
9987727
3146960
8073348
9599035
3076398
9084001
8929318
4262822
889197
3881899
3459552
6305024
6389774
241055
9737015
5158897
7914490
3438669
7404733
6345602
4622963
6895331
5488030
7716355
3710555
8004723
5387008
2344972
7433938
5691954
3270249
6315799
8027205
6621977
616278
5202374
7381001
6728649
4420941
3262676
7289087
1309887
502732
6050345
913506
5375631
3277992
5671006
6449071
4856729
9679399
9398521
5853519
6691349
3874587
9127067
5228413
1861610
7878690
8758490
7076770
9773264
5486434
8029372
5161098
3802069
4217346
3903930
9433251
2914603
3560301
8918558
1512681
1623774
9484
5817610
536841
5543010
5977079
4467845
2708581
9617574
5374343
100448
6440597
391485
10478
3439047
5982341
5877505
605140
6370995
5344194
3230293
7597623
5632890
4232770
3379906
9836443
9708012
2150731
1725468
4184940
1695117
4745934
9160008
209632
8113957
3398891
613196
8552300
2667194
2308269
8726470
7559609
5858383
1821785
9637332
5847066
2835734
4407350
534422
9273914
6899902
1398104
7909438
7116095
7390450
5409187
8248511
6883043
1082283
2161704
5370584
7864574
9992988
7105604
2713514
6963816
9777783
128701
4087799
1916100
5038254
9006190
3367997
7692564
865177
2125008
1852495
2645325
6320857
2955077
7213926
4653576
304821
1067683
6668974
849080
3957279
1121886
6554666
177636
6359551
2569884
4881430
2418863
4244161
8322331
7695259
4253826
4578785
1923453
3683050
3904996
8066634
1153173
1656965
674767
4645122
6444973
8719357
6519606
6176301
1454992
8703165
2603391
400447
5305323
2286572
761983
7992703
3161696
4760533
5351636
6152267
8072137
3101637
7570659
2599827
3652626
4263370
2504241
1569923
5585601
4124733
5134073
9914486
8922092
4245906
9587330
5022062
2779001
7658479
7796693
7943524
4099721
5522877
5786858
203571
545870
4771154
9406758
2899893
8794074
2537535
4273757
3719406
2971391
3847035
6607253
5396691
2719408
7565837
795451
2641117
5970405
7220070
320507
6823606
3616302
3679756
7166695
4315654
9738451
2315943
2835471
6131969
533542
4723576
2128432
1155468
5923896
6956213
4384630
7588530
5249012
3509720
9891250
43484
2170305
6575074
9807032
3063088
436520
3175173
5370675
463579
4278426
4082182
9759843
5913619
1446211
4668367
5268635
9573152
3191541
4751433
5270604
4875914
7151735
2113727
5240061
1168328
8599643
7377072
633321
2009414
9987009
8372066
1413107
4884436
862851
2094463
6812708
7419039
8220666
986130
9700710
9313414
4642506
3201361
5956578
43264
8159644
2740046
2037663
8761168
6732246
9362444
9279469
4316250
4580931
9550844
1303375
6777525
530721
932682
9705635
5740323
7318124
8902779
4587470
7305659
6242595
7118140
5365221
3398882
9536473
2082889
3828659
5917800
3071231
1577501
6702657
6060372
7709570
6479465
5135082
574025
9923307
7547330
4062332
8359405
1571619
4387011
710318
9809005
7119071
6371164
5234955
9571027
3326286
7085328
8375035
2247489
452816
2150498
3636465
7612466
6361281
3533837
8224692
4592652
829807
3134810
828361
2671207
8967159
1133628
582401
5550394
7952191
343182
6852562
9685744
2570438
9437578
4154892
1346602
5210128
8986106
5111834
621105
3017537
9663289
8047129
7043912
6806819
5089824
8506035
4615590
8302076
6951519
8897216
8193017
9109181
2733770
9512006
7530010
1382299
9937572
2039958
3222796
8087593
9263536
4841083
5470819
4538787
337706
8614681
6116685
4094615
1548312
3156315
4438468
1964304
9222668
5127847
5356771
4187215
1705997
4505349
200695
7052767
7329194
830170
5375027
4525
4585510
7312569
445639
5657773
8424596
9253513
9654346
718241
1368456
8918527
9415328
1082248
5630197
6939404
9690836
3657309
6696115
4883437
3720806
3566283
397752
5209520
2415923
7243643
9680856
9977038
9372098
9565156
9858765
9743382
1741969
9171909
124575
3169296
7689929
4254515
2649887
5153273
7552166
7148739
5911716
3309951
8318881
4777268
2098294
2814335
14401
1236523
5483194
708285
1495814
2826910
7830831
5590532
8869481
171083
3817473
7606244
457912
8691353
7378516
4858857
5222762
8387337
7167467
8863962
7129718
620618
2179925
1948721
2340306
1061820
6375729
8349386
5513307
296977
7888405
4340671
2470547
447405
119558
4683088
8656839
973237
6102592
573241
7810822
4184273
3765070
9645285
6206048
4866908
8074033
3068876
1699288
6500786
4537869
2491903
8301928
2379199
8556417
5670334
757996
3238031
3858917
1553996
9841715
9040843
4206816
3066344
2212969
9071899
7817554
6339848
2985926
3474919
6415827
4636298
5281996
4607412
3940478
764971
9656279
3496822
8465333
6184351
6441677
6645754
7118682
9902753
2903593
2177322
1277680
2089606
9010215
9548943
9028827
3598020
6852186
3268015
1076549
9335767
9103032
7349802
137050
6330678
3282369
3219298
5884869
9502675
3480501
8025387
4720458
4646247
1876564
8327885
1262850
6259223
9950365
8429988
8293635
7934072
1657789
9656185
7229997
6521702
4096276
9137826
4841084
5099044
1743502
7539317
6460070
4252614
1936655
7980463
7411953
142098
9919514
4919656
505511
7709466
402577
679501
5602289
4036208
5405779
4403783
4553954
7413021
5714729
5282031
6450453
7592672
8304787
3239794
5551021
460030
9839789
3361334
8822017
1685778
3600242
5547592
8980311
2065152
4522439
4902249
5013575
9532711
379522
8454579
7993315
1902202
3246238
7196076
4198454
1184454
7323307
2980038
2865389
1095162
3766176
755858
9502041
3173101
8365813
834037
7918921
6130970
2076364
4658780
9434529
3017155
6885863
1508500
6236921
637067
6213397
3591652
6235438
2944228
3785130
91839
1284373
9186399
3547966
9152472
6637483
6393246
3068493
3227853
4408254
4151464
201930
7172082
6254488
8357972
3469080
9444501
5223137
6858556
1128286
5067746
9892886
7103398
8825736
5783337
540773
9124138
5189331
1639413
9208906
8582306
1652540
5183356
8420727
396081
3265855
7357912
8095306
7098557
3451168
1402098
8238100
5128215
4442848
6622333
1556633
8275875
2903632
7413628
8892914
4106742
5163840
2354319
7645760
1597627
4873131
3170451
9075675
8425152
7522555
3109273
8432188
5524549
4407149
3190724
5099410
5704353
460928
6562518
8444260
5737809
3532820
1804889
730218
9018182
6072130
4735113
9647340
9703414
644984
8775286
8219063
6867754
3423108
5215625
9894977
2317582
9813629
1626183
1889329
6300637
8605802
1429670
5521226
1040359
2467833
2229280
1189721
8907960
571614
5818334
6917781
6552000
865610
2415988
8956539
7360303
5794234
4832391
9895232
3646118
5556650
2526288
1194381
6323302
373311
2297657
9216800
8272819
420955
7236879
1740025
478526
2199448
4262599
8435833
2642198
3513350
8540554
5394650
8870885
3883958
6373063
9189702
8670213
5005351
9346000
5982479
7521693
3522447
1123327
2827457
8726028
6050058
5496874
3098282
8010287
7887437
789649
7980966
951407
2515259
3949252
930789
936258
3513626
1524532
7927406
4758565
6057491
5821121
2313612
3381234
5433790
5507089
1412730
5803919
9185945
8330549
376761
8758596
7467445
8572299
7999606
7694108
9765586
6342838
5592183
9966781
8188947
6801515
4886076
1942853
1374650
4004132
6582245
8467292
1021553
122920
3965947
6595481
1772586
5678839
7361826
8629129
9519165
3244494
6654923
6691831
7504166
6591235
8202065
4234988
7000793
3022246
4552481
8038748
5687393
9160798
8619110
6657384
8962589
3911281
1949838
3980084
2373954
9634169
9603625
5187045
9288124
5985204
1934691
2915590
6674978
7903758
260056
363984
4353616
2930256
7234711
795941
9025445
6892014
6776557
7645343
3642758
9054614
8289424
2899864
7091830
256671
4146166
6178396
3833340
9996046
9815300
3965428
6494557
857049
1836789
6506514
7603661
5468999
7859372
6769084
9621147
7026941
3680523
3261274
588866
938832
8884809
2946137
320216
4934515
9816626
487242
9142404
4247455
6268933
2498137
1820545
2864732
4876146
3510087
8517236
5659862
5078021
8666269
4414848
2428189
3241742
8341789
2773213
7160359
8278151
4732817
5327611
3479884
1402689
2452806
3006408
6040066
2003485
6341044
2353778
7251952
7365358
5111686
422449
9215158
778392
1944305
7383922
8351079
543314
7991108
5314470
191988
1613992
9167635
3865333
3334972
8505540
8676762
2555532
890676
1247388
7435301
1595193
2127352
2366359
7443713
1440472
7168313
489572
1151793
4525916
9814188
2646867
1330402
2236997
4307183
937968
4358337
7304704
6090142
5348557
1866239
9871329
7362835
3583327
7210538
8489138
7524311
9316238
8386280
3535199
5886298
180683
8470099
4664070
1082529
7196570
120279
6988691
1504294
8003336
8381624
4795185
6037542
2087645
9661448
4083510
301963
5070896
5669020
2787252
6188794
5924689
610456
7090052
4058585
8002678
2593144
3717927
3143741
6563688
7325396
9160030
3937637
6836262
4936052
7768060
7769109
6016864
6428675
8974007
5426002
1252646
7980691
9400442
1202798
3685450
337620
8266063
9998397
9901525
8770553
1680143
4064191
5707215
4886571
1123540
8384006
3524173
4761135
5000881
775546
2325879
5118162
489062
7369052
3836761
1209373
7035579
8712552
6318596
2564674
9890806
8939067
1042016
3241683
2056480
3363807
7935367
3830167
2420203
8176911
3256558
7746517
4429331
7841358
2403484
7176773
4546550
8514309
1589623
6803734
9162624
9916590
285694
8274702
4206342
6920097
213981
6371411
3179644
6458086
8394524
4622131
8534016
4584598
873844
7575576
2829611
2982037
1038614
9486023
3956202
2666522
1321844
4692042
9416769
5173681
5552842
7622629
6197062
933470
3097790
2991317
2902983
618748
8250607
8570238
3179543
5759223
4249643
5754469
3354271
6272790
5289861
1189617
8665320
4010677
5760437
2687017
5260271
4825226
1333607
8979320
5713456
3141012
3514044
6995997
2351820
4227891
2680825
7637393
4543085
754792
3899795
7962761
34240
7675521
1495678
6860720
5450520
2019436
5576838
2115946
3237828
2197951
8867164
8316701
6626034
2845267
1683871
5218881
1430599
8556941
5188426
1391979
3312585
2025539
1740660
7327374
673410
444525
9041329
9930812
7109951
5302262
5989448
7506030
5306629
8268677
5717793
7794079
7655457
911158
792436
3905460
473857
7202457
8390268
6097677
2943370
2168208
2282240
3653410
8443919
7949548
7096787
2390356
470974
6964685
151392
5761221
4861334
9278225
2658750
1126870
8141534
6269112
9942710
1471580
1281618
6678023
752647
8398139
7394035
785645
7023481
1755028
8588644
184184
9634488
6380437
1787384
1622810
483189
361988
621307
5844355
4483583
7482883
3561310
3034790
8623683
8843344
68236
7508128
2080248
8690013
2556658
1454335
3318991
640591
282819
7197933
2290725
5935268
3996820
9864297
9020781
1242552
1132286
2500559
4741696
2634190
2037310
2435516
6251591
7670879
4037066
9854606
821708
5895889
5702054
6286690
1464582
9165369
1519208
3811933
5663044
4316506
9522483
8704366
4541328
8511016
3887157
6093360
436971
1654065
2425954
9389672
6519577
7204209
8543023
5486191
9288995
2300045
3080827
8470824
2713087
8533964
9832786
9438813
6100980
4495575
8072067
2552475
8311915
5276982
4937735
5186179
7825176
9452813
1562049
9316132
4195938
3348407
4785874
7621682
6368044
9603324
3558757
1763310
2325296
7122277
1414394
2324155
5907003
6089954
2393823
5411277
8299393
9015623
8035811
9002044
7207218
4280185
593641
114541
4890700
7101454
7675033
3560771
1258247
170059
3983754
4541490
7063488
7324012
4038996
7767354
8757617
3916233
714615
6510067
1629488
9956875
9055862
8685606
6175006
3441079
2538151
9630906
1933609
4164318
7541914
7447895
2057174
4266083
4685262
2859487
2226217
823544
456985
6878635
5994721
1981877
8590121
3076345
7220434
9228956
8591854
3921465
2038843
6829493
5473839
5266643
1982153
3469294
7772101
1513704
9713080
4236000
7399436
7538139
6530598
1651866
9616218
6013874
3107864
3620021
7589433
2261209
7111181
1215307
6797493
1024422
5425290
1328417
8626165
7844002
6716548
9208925
9565013
3676850
5609934
685754
3526960
5959246
8679081
8413688
1959547
5930210
5788120
3039966
1711758
5224931
9922583
166708
4556480
7289588
9914484
39729
5052229
1796187
9249368
536004
6445401
9161449
1585984
3423450
9027793
3774859
4683795
5157447
6366892
7009433
2595301
582183
7049279
6306892
7915344
5751024
29650
6854315
8571266
440364
7617780
7034872
6013510
7462082
5839824
6733521
1533816
3506763
4640667
6581305
7464221
9407178
9462802
7364616
439599
6800294
3792002
5278481
7806266
2877393
8212656
5977724
9628194
3317582
1719823
4012633
5947743
8171408
7369501
2917362
9470944
3678412
7623585
7401238
5608997
1952690
1129586
7814173
3654990
6162429
6668994
1405029
8503590
1120374
532524
1251106
3424868
6069496
8490454
3971340
2532938
5358599
3768960
1077829
7943741
118621
8095149
1795513
9844539
3845565
230556
1248650
9352925
2043414
2290748
6196974
3237233
4294376
9568999
6940972
4867432
8251649
1108505
5873923
6796947
8493285
9089483
4068848
5179512
4664015
9483810
2520928
1148489
8747680
6582134
3737763
3568005
7583452
762098
2416703
8663965
818569
4209187
489984
339605
4880946
4909705
8658405
7500817
3613136
6515449
6087337
9556538
6795300
6062869
9492631
5688549
2100767
1744394
6689444
3483316
3487879
8552640
947833
5946950
8570762
1211593
9245858
2242871
4080772
1617336
103502
6513222
6364083
5601568
3027189
3737892
32809
8161962
8950287
496577
4282321
6958429
2310815
1327947
6353761
8138470
2549196
8761349
1919902
8524569
4880624
6754336
73276
2426281
8233679
6162955
9696221
7034495
5688740
9035030
2508559
6739609
2861796
2452529
9494122
2201793
6678429
581986
9035674
8441249
3566538
3124418
1625790
2862928
1437977
5941831
501216
9193055
9607332
8589623
4019701
8436390
763181
1465134
5065192
8934131
9924247
5435256
1942265
3921844
511099
9650286
1640704
3950286
7404013
4759989
106194
5167694
2607396
6705033
1081491
3261692
603383
6581201
7375356
8429551
1840705
9569530
893260
8291349
8230847
796247
1813418
7552269
4155081
3625884
2938815
3613423
9504655
2783007
3522902
5492530
1226035
9872842
1471835
5057439
2451540
6689178
9559165
6908690
432239
1651781
4577468
2081271
7344040
272331
2567335
309248
7488692
1600496
6923386
1360367
1526739
2928636
5713350
3888293
2298581
8713436
8538047
2248916
7040938
1740469
5244412
3380343
6358568
4410461
6891479
272693
6590913
6466102
1459761
4618064
1218872
1386148
1244580
7647526
9291271
7804766
4925958
9436538
7052219
6654668
5814003
6747112
2356998
3363112
7584254
3692523
2823619
772468
8048420
8857854
2232547
3760076
6803659
7867239
3510533
5589812
2172945
3873911
4138448
8462309
2702515
8767145
3630638
6445387
9072820
9575147
5456164
6649290
4020341
795077
2888568
3917320
6113184
5460320
1293762
8843733
3864263
8138492
4107472
201441
4869296
8250470
4383921
2343978
285700
5820257
278057
5068618
9311520
6407769
2077037
308431
4261243
1908159
4701914
943073
4001271
5904043
4448101
6705261
3166645
1035869
4095237
636024
1411279
7903773
5035418
666874
8051613
1646103
4531141
2500518
4580150
42480
7532510
6034211
5388382
7825249
8963202
8949544
6259191
4412626
8882684
3677436
8543396
4219763
8384368
2598962
8974945
1929460
5334665
8545774
792830
4690337
6681619
5509170
1660655
1056293
2493328
3267412
3318864
658656
9243528
5056024
356162
6879232
2685889
2047828
5448268
8226478
9825901
1427987
3497813
9894982
1034921
2792417
3794490
3400875
8965943
5113568
7830520
5919395
8253387
4584447
2943859
6613678
3869459
7950648
1091063
9938635
7989482
3512901
8447962
5889034
3911900
2080185
8391536
8263001
2041231
4625140
9990000
326107
801160
6005170
3604020
339380
5116879
1505527
2062380
1955249
8001569
7005189
2031782
6182182
5993703
997230
6553303
7761188
3337967
6526535
1937792
9761426
5849048
5287038
9197656
4703077
2189226
9180758
4722968
323324
6383288
220549
9519092
1272192
5298532
1343732
423621
5670690
1314718
8634547
9472063
6121877
5937249
4493398
4188780
5687923
3294629
3596194
7273569
9101278
4929842
7846479
6378863
5335543
738737
6715339
647300
6833952
3076980
6785194
4975711
8390047
8656690
7703913
7574626
4009081
6605876
3542267
637768
2576553
7293872
8483344
8584162
8171668
4841563
652096
1550291
4739533
678721
538050
6285987
4214375
5953912
8190332
8755984
7548791
2539318
6075540
1877230
9821812
2334230
6499254
6681738
4564809
1839222
4141763
4314033
4319607
1058973
7083171
9929509
2947294
2526904
9672513
2913324
8272075
9846076
6382924
7112591
1345220
446134
16309
9083101
141328
9241246
4045492
8893697
7495801
216701
2006107
9448146
6977292
6769914
7481426
8776451
6734410
4414804
2958868
7091716
9233189
7967592
3187511
8463386
3444084
557926
1364493
5538505
1974734
2363534
1379155
7878029
4230470
8761465
2225948
8282205
9448595
2056646
8599938
8217284
149840
8071545
5318120
9123066
688145
9195408
2043089
4778001
7076980
8030438
5751119
8218877
5170910
7812002
5951199
6702882
5065270
8752009
9771870
9097113
3378111
9624097
9099667
3465954
9756994
5386218
8576525
275231
7557132
5020571
3049681
4327007
6871898
836587
3505877
9521814
193319
6065589
1336781
7381485
2426939
6192576
7809057
4992472
4779751
5946365
1736066
6817395
3196257
4549003
5304857
3813154
2512424
4805603
3031698
2395198
27520
8301597
9022709
2526404
9306095
7946678
6017620
1359225
8002563
888176
7487067
9417667
2146654
2755477
7649854
1539972
9393506
1452317
7951154
815490
3383382
6083763
1578479
4841556
4934696
7588450
7165480
6686570
3753578
9047787
6161398
5608142
9484188
7577189
1526958
4405638
1563725
6263836
708771
7386733
2890642
7583854
4332003
4327223
6973333
3779090
331815
1533312
7091837
2876865
5150799
5995336
5759971
2056406
160393
4296680
3720786
250229
1490917
9410428
6160601
5797916
5544566
2613387
8108773
892386
5222473
8027204
615130
4434102
2668879
6087324
1887021
5680741
2875455
266496
4610854
3143216
8337643
8762430
9496079
3774623
5847151
5605550
4126413
5862311
8476379
1221032
7219060
2467796
1778028
6965357
8602629
5348536
1616651
2753912
6374449
4180021
2760084
7976438
4278239
2216175
8266377
613988
1036821
4928887
7594240
1845010
3970050
3646811
9584478
8265495
4450564
7475478
5179034
4562870
6010479
550935
7583129
1830154
5562380
2627967
3732739
2643676
9060850
7358141
9687491
9048954
4437925
6200122
2916139
3322503
5827256
2685586
9653778
202094
7029759
677749
7693802
2363354
2210758
6562841
5684255
6252804
233406
7109039
5494462
9869121
8906104
7558681
265628
1880766
5297568
167533
6365504
5759482
2475850
55763
8459288
8686650
6151428
9840268
332725
1871361
4365533
1698546
9281707
1269795
2857851
8473023
4509255
251138
9349043
7973155
82842
6389649
4096542
7684490
9139596
3043994
8750519
5608695
8971968
2084729
7042534
1971650
1493948
6235020
3941445
564845
7539074
2487577
2877322
9484643
3734267
9397712
653782
9382631
4878607
3476581
5262239
697676
2729619
278773
8809703
2199953
5558015
6734899
1576617
5589554
1803441
3352732
7076791
3116638
7414878
949182
1358885
6106240
4259643
2202910
9386447
1601169
7684797
925749
7113019
9658086
8418257
6662809
9533924
7136977
799014
7961346
5491466
5608132
5932438
8921890
1877982
337989
589783
7706931
7038240
6340092
92810
7041639
3905753
1223505
6905971
8362967
8808539
9313346
3756190
6989070
9961282
2873561
7686288
1557359
9572975
7260737
4451720
9903887
1222903
6117582
7408064
5469554
4834496
5221253
8321859
5590180
7417740
2314738
8154119
5011895
7872811
1978072
5869525
2996937
4307033
2132896
6979046
7531101
8797266
1797732
8862475
6757552
74454
4503772
6353987
2253863
6461050
5783944
5684044
565451
7386815
3211088
1436882
3468579
4040852
4757368
4907150
7541540
4588070
2973839
1241865
157319
3589894
4634765
9752892
7878822
5779008
5110554
8364553
2185624
960308
3147674
3421893
1083620
2130005
1818069
1000827
8011842
9918692
5603789
2834421
1542780
4441782
6421377
7377458
9586203
4457635
9243555
1477248
6493169
1355909
712819
3365357
8327217
5771644
6515504
4798932
5744620
2891751
7947359
7543021
7039634
2160666
5723604
3042694
6675448
8520884
3375588
5981733
9395556
5485088
2163376
2676976
5244888
8385093
8193808
5948085
4068661
3927321
6632433
5157835
6591754
1269721
6685601
9565864
7556652
6959215
8847936
9242640
6645271
7608145
7929080
3063427
8385463
9508805
108904
3965451
368499
5321796
8808172
2922660
6478994
1212116
4899816
3434040
3578493
2675192
7495420
8862443
398109
1270587
9139325
1863837
2664688
7444389
7964370
1970375
1127281
155932
1184422
4418387
9790281
2958380
3723409
314520
331373
3869457
8269056
2808830
6786053
1167956
2295829
8250474
6189137
1657
7406490
4660510
623871
7714386
2578004
6312336
5770997
8497098
1579900
6817897
3862917
9473979
4565919
8393767
9634931
8784174
7003217
3149895
1366903
8936802
2762383
4029315
6290211
6379432
9105696
9242697
6673079
1206114
9293522
531612
3291325
8218913
2161505
5533495
510399
9361465
2154756
8734068
3104853
6334069
8936895
7492832
1278897
4211046
3648171
5132364
2276338
9364500
7680133
654755
9828724
4655979
315841
8509083
3870841
1766883
3550429
5244690
1875297
3000238
2802205
3117984
2596329
6772356
6172020
9481877
8103440
1946841
3053636
7892105
4299208
1398503
6547358
7383865
1075343
2249307
1149390
2590016
1453732
1737954
2150940
7487523
3432916
4339138
3608932
7252658
7238373
2970213
5103229
6972693
8750972
2593802
21447
4939281
5793415
2858875
8126188
4807236
6089269
3530709
2087482
2871313
1221721
7058059
5142128
543127
9264935
8618060
9167124
5417761
4941244
785989
5277561
490611
6204177
9232944
6950169
6598196
4398027
6882825
1325559
6790569
1679133
5751340
9313122
7623174
4114970
4074300
3717052
8295876
4605345
9969607
3819608
9621016
2165485
7405257
954258
3832563
9736360
5518297
3857752
5423732
8725034
4697403
8750731
3355455
5545267
1944918
3709094
5896676
6529326
5467635
7039668
7495017
9688906
3084519
7957283
4997174
4502516
3677364
3573984
7451710
9412925
90871
9231347
5096242
5638872
4556450
7852641
1930723
2047230
4026801
7778712
4750348
8665614
1596520
8172912
2039672
4644750
2923938
2267385
5637750
247311
7233924
8906346
2356505
1600661
9998857
4798365
3777610
1022116
1320595
4567921
1783448
739922
7106333
2621755
4586046
7047684
809629
8561826
8156648
7695220
9031382
2614895
3256530
6726252
4558273
7508222
8159781
6655872
1386369
4343139
3066331
9704887
1727918
5702103
3184274
2879105
1272942
5974022
6351113
3150559
9260294
9803994
1568092
3855327
4972156
3908900
5927330
6473408
1406966
326035
9998963
3858173
1231450
3547861
7774655
9229352
719020
8504481
3331973
5818203
6075389
7776839
3792056
2720888
2156901
2158653
5090691
9855957
3952545
110038
3136813
5427092
6930925
963138
1659968
2698942
970056
5226304
4587725
7332945
8070294
708746
7284497
386235
798558
811585
5902761
8287924
8649371
5039788
8624641
5235949
5848449
6880234
9220290
5986756
1621570
3640989
5865258
3990475
4074916
3413046
2148802
4777906
7521497
7650393
9020366
9142695
1261662
4830853
1313430
3363864
3496912
4264639
2421039
6172003
7751357
7729105
2383864
6479267
2664446
3495578
6374176
8329612
1051129
1874080
9951202
4612369
4918770
3427068
7792430
1776852
2935431
6471362
2753072
8355502
5946716
9010368
118232
2716568
9726290
4468560
8382123
1449614
3407328
5027133
714428
6174916
5162797
4842085
9481771
9784048
5473256
6638462
8394743
9136933
3884071
695920
7786625
9281056
3275753
695416
4651858
1196146
4033992
9224957
8968093
7418532
1928636
4298835
5901644
9179467
3118931
3281228
3359807
5244425
465975
3585798
8601102
1783995
6188413
808059
1701624
6347765
7390109
519775
101427
2823919
6224940
4051217
7518417
7694486
3185768
6900996
4252031
5346957
7471450
3042029
6639845
1854627
4393935
5504699
6201689
8954524
5943934
3078540
9876239
4520759
7461613
5073344
8289370
5016487
5331736
2787589
2270760
8487444
6024047
4180421
8283424
5652393
1019041
4453208
1782546
3022980
6625297
486565
9260435
1142594
667077
6801003
7401826
2468460
9865913
3023820
8655668
6599612
4264045
6686811
3020915
690323
4692665
6233521
9489758
767242
5172324
3583910
3863332
2592852
1332951
6673833
4809323
3950145
5636891
1489316
1653946
5579221
8195271
4726924
7884156
4336453
6357459
4925766
7547566
3423001
8059352
1474678
9903816
9677757
9644784
7411731
8411966
1355816
2892453
6401676
1571245
9730086
9289781
7618159
4171815
7641314
1345638
9381086
528565
1450933
9868432
9951610
8534291
3333156
7131198
754784
7532025
5967763
249222
4668394
2007884
2879810
9557654
1303642
8470613
2567918
4963364
3122305
9563014
2805818
2824812
7723228
9488198
5674227
6493349
6176499
8588202
3675093
4277363
8070762
3889641
5952881
2349678
8915516
2374550
5127486
1277006
6404464
5898070
498428
5172175
4515542
9078217
5803836
5333114
3736859
6360319
7832978
7504871
3312718
4825592
721679
5374712
7534123
804866
1863516
9759382
2335072
7599683
6106574
1867880
1951240
6633397
5700716
3618569
2376523
7686463
5326892
828796
3728076
8058166
7386862
7978661
9888533
8820865
9430731
9589528
3141732
7225928
7495986
9092926
5376285
5807963
994682
5903736
3381673
5665821
4328398
6577519
7245547
7343273
2779642
7853479
7993056
580712
1765774
5909647
4380467
1278001
4506231
7965321
4085172
2703260
5006351
7077223
4989334
7594633
7440198
1465117
141982
2488949
1091182
9062321
7943008
5305744
5966670
8814318
3356283
1229137
1394009
2615976
1619899
2370771
4202013
4727126
4104192
1002625
6341631
2927521
5290223
4699573
504887
6715455
7820590
8276854
6288647
5585138
7713767
7826508
8806131
5503334
6701776
4922852
2691282
7983318
3927327
6862360
4624826
4201156
7996997
1807115
6907054
8894806
9721280
8203194
8086530
2639151
2003551
1498081
4702954
8417351
1447130
5026608
8841702
2595941
9816443
2083682
9259449
2713656
4908928
8973037
7336810
2481972
3326833
6182872
9865126
4215821
6012030
7967010
7626381
4858720
7288105
5925131
6770741
4666111
1262056
9289306
916783
3304197
1717848
6325056
5442490
595094
6772424
2443907
5979091
6156979
5942627
567951
7826386
2149725
2558077
8140546
1899973
4385834
4149201
7708096
7004110
2984280
500045
3124639
7013757
4543978
4424245
9908714
8738269
1313338
4681225
5132822
5246428
6881174
9075272
7749052
1237269
3933791
4916214
3375828
9823957
4197803
4427899
8104770
7640723
7462655
9923114
7935030
3974319
9551233
3527374
3496554
9716787
7334546
8682676
6752561
6532222
2374354
7156086
1373373
1219942
44009
5692524
6019586
3962552
8064070
6854489
9202621
6461788
6335613
9363159
637820
6072157
2891163
7122505
7743882
2461555
8905566
805767
3505903
9926681
6789555
8434019
239072
1916538
3756766
7397441
1782824
573195
5882286
2014539
5355170
967654
2039018
731662
5246195
7743913
9388072
3057476
2836306
2311169
2163172
7900565
1146927
1005913
9222463
1489350
3840167
5697616
4063500
523971
427332
4797899
8216452
6143738
6784469
6259989
4843317
9385320
9345510
122339
9670901
9374619
2884717
4449586
6145327
3794230
1605309
4087382
9166171
7261038
5679119
1329013
3567237
1873650
8003476
3751907
58628
8321491
9003489
5977951
5764287
9179068
3026217
5750912
2548428
9388461
2301958
5769265
5464115
1157496
2367361
4802705
6899153
1062127
2070465
2604623
6943886
2703612
6339900
2075138
4510654
9446589
6160245
7011194
7974989
9641272
4425178
3300243
7895980
816484
9176378
9036786
882887
4843584
438101
4471463
1514809
7570513
9894897
3068425
6685686
3178123
7931397
5775714
5989711
289045
2068184
2829607
936099
8138037
568709
1343864
7139225
8828601
569380
522038
7168352
7474872
3508031
8771583
5595476
486162
3563530
4503241
8128159
2563098
2001659
3473813
9451014
5994473
4705506
504016
6153797
1373705
1142370
7891306
1920604
770828
6987006
1005514
2444237
5951877
4929127
1573912
6613684
9440543
4082190
5264286
5240730
9913749
769471
9046491
2397874
6823365
5731712
8732088
4782805
1175529
8842927
9686903
8258187
3753704
8528872
2321155
5225683
3991776
8700605
7956654
515348
1173435
6254250
4277289
836490
5558995
6725088
2473497
2589309
557688
1070592
4790646
1890470
4448498
7666001
678541
9599032
165426
2412209
1758360
6249391
912260
7421135
1786596
8986030
9193157
3713798
4756879
1475240
3448035
8513088
5189077
5054332
3902842
2743085
532832
7092403
1996119
5260165
3675704
8910817
7229152
4903721
8687065
3241761
3499184
3977960
420197
2080606
4542091
2380136
3047775
4626979
704885
5007992
3997701
6866085
5757915
258990
5341517
2009220
2352619
4672388
2571114
9257992
3614577
575732
5101023
7076242
4797330
4011375
9423426
8734114
9698158
7387272
6099215
531365
945068
6631885
6902804
3352624
4364947
3205346
9280579
2021903
6500420
7661895
9532225
5811833
1052247
1195916
1972195
8798507
8556711
1765431
5595978
3915156
8968489
4756883
1242142
3891721
3382870
9261621
698511
4691465
4616129
5240349
9102164
4279672
6542054
7936361
1629252
3218610
2976828
3485321
4873531
1489212
8024783
3218898
6156297
6519005
3269408
2625341
2820266
8520163
6017132
8518289
585063
1428637
6208876
3498127
5539088
1892000
8200753
6847059
1430664
257037
153600
4884872
1888907
6521940
3771129
312503
8047937
3950767
8874250
8054913
5089905
5585011
1244903
6481250
4638784
5185180
3113945
5817183
5445472
6241035
3413105
3356873
1009915
9054051
1091145
1322381
3664391
3992617
2512455
5769149
9089292
6343597
8405090
3755647
3636694
7611194
1827866
8473468
4677978
1582033
5204613
3451343
9198660
9538310
2055630
6432103
1174387
8237365
4421693
7052036
3623232
1143501
1065168
8691913
7352209
1263413
4072444
9237917
8029962
8972033
5716984
5271919
7870183
6235008
2190435
5986194
1637686
6097195
7507729
6814816
8933287
4599908
5420836
8585972
9162767
1316287
4944722
981098
7180217
3179202
1459688
4390597
1656521
7791425
2523640
4967518
7353889
8373591
883558
601757
3930043
6730840
295062
5856046
849805
7331476
2525689
9184686
6741803
1055984
4409516
9279189
8016025
2822401
9696415
1643162
69145
1305773
3546107
5754931
1514066
230334
506111
8555046
4056328
809003
6480611
2137838
4399221
2913567
2372658
3138264
4694343
581269
2008956
1528431
4515799
9557728
7075801
1212539
9480514
4911668
5628877
472624
1180970
1693917
5329291
6128514
7330217
7640070
2664460
9376626
3359737
5784225
3042628
9007766
7713049
4978987
8478258
7367892
1872131
2690312
7899898
8372421
770921
5149268
1056413
5531224
3462356
1503570
3701059
1690764
8924938
1749280
5672101
2057563
8489751
6931913
1442932
6675366
4965442
2321523
1606160
543920
6995128
9730138
5082413
8825624
4427954
3699703
2602883
3425667
4534765
1380290
6206532
2936425
7667191
2972849
6343444
9283628
3460439
7379612
2001323
2858744
1291295
1376252
4513003
5482074
3993187
142359
5896986
7753484
1220682
9224525
284839
4634329
4386530
7150891
2042321
6256538
100936
7700358
2293999
8511068
6428439
8008498
612769
5679157
3011274
8552188
4687794
8034270
9985960
1480943
1116952
1710844
5461515
121507
8325746
6411368
6588324
5666126
3961510
509138
9086353
4085365
4200962
1221512
9730552
9918655
7089560
9284313
1845916
8223423
9674575
3684037
7269998
1343031
5457593
7831769
5785682
6391829
2039178
3955548
331897
7825122
4645125
4042107
6498986
1194065
2837415
8401659
4198583
4373095
4788415
7220562
1585423
3440685
5221657
7254750
4099736
2434185
8844824
647128
6169164
4036287
7104347
9753778
6649061
4459042
1548158
219211
5400086
79709
9869705
8571983
7641093
2883994
6871336
5294686
1274056
2979921
1116904
4991311
7145197
4278664
9244412
3697617
5564679
1299549
7114117
1240253
4262839
646734
9889217
9517325
4095074
5956470
6896542
859463
1077302
2009021
8887417
8658292
7805545
8872793
6387049
810686
6215570
2654475
4587353
4842601
5719522
5989640
995741
8312153
5779238
2883981
3858464
5792732
221084
970556
462785
2034789
1726613
4894714
7449362
6787628
683809
5620652
140378
23814
1134681
1022839
7852003
2531411
9737749
3798489
2802923
2506959
997614
5768326
6875885
2815568
8255335
8506109
3336169
6531487
5592577
5238016
3774046
1432327
7898630
430563
9266819
5098925
4858554
2346529
3884134
4433314
3436830
212296
1479997
64386
3435720
6511894
9038442
2312396
3375571
7685416
3312971
5846400
3586025
470506
5704347
5994142
1252514
5382690
348641
522009
3443717
2575491
8520239
5963039
510938
6824879
5665867
597653
8716701
4426703
96738
1590020
9093249
3186113
6179383
9949401
4781760
3546788
3824434
5858542
8896050
4247403
8507578
8933716
8892322
27173
2753386
568149
5912395
2825817
8800972
6157909
1004526
8771194
5127262
1332051
9596950
7454167
125754
6012718
9408026
8623497
7082970
1882128
8634699
9219013
608461
9630631
5864402
7457524
6406851
3569562
1075873
8343748
2180679
3994477
8615928
962620
1940191
2740065
2383161
8427748
9598686
6834761
5818956
4401018
3563975
8149222
8676715
7740887
8799334
3702668
8528314
3848935
5460290
6035469
7741235
8791421
4874790
9269947
1128525
574554
529342
8379339
9484262
3223949
5965472
5669024
1356915
201640
5562392
4141376
4434019
6500972
7250736
7013576
4179786
1051917
4858060
4034828
2312399
5871873
9791962
6680033
8818859
7689400
9231312
7947334
7041548
7847149
8239292
1734905
8676262
1023532
7813764
9584005
2618997
8866546
1783711
4881385
7493766
8574429
8604992
748259
6316391
4876302
9510964
2954092
7409240
1318225
9276327
9132992
7573908
5229640
406791
6740894
1690986
2005202
1160653
8539193
511379
1010130
8060317
1955334
7474291
9027692
8890309
7353308
2958951
5416755
4396356
2213715
4813481
676552
7250743
7666933
3807477
2787774
4457752
9616823
6254183
9561181
2848515
7851476
2362363
765486
1282841
5522035
5466596
5910620
3095327
8707345
4932997
7637996
6572127
2189880
3169150
8974816
5599951
7762036
7764160
7653714
6007975
4806548
7103264
7272531
8050470
3114414
8204236
8458878
3329389
6417634
4054522
1697294
5361759
1690994
9356917
9557741
3631417
3657897
8378659
8589319
7559338
509294
6639686
7554624
7476314
5188310
1604964
9907672
6931943
8972639
4362576
547951
1965827
4825668
5316589
2682516
6015253
8965795
1229243
2498431
2068741
1936126
8301478
8563370
6496520
1372492
5264147
4245831
6291241
2994434
4417614
7270715
9089922
9463842
5966865
5606870
1915778
4334622
7165272
1767915
4485777
96513
8094107
6127644
2738502
5607649
3633764
1553885
6846279
1149652
2498776
8958339
2481765
470167
2854800
1473854
8392788
650054
3439739
3828225
4389318
5530251
7826849
7683216
5765915
2442657
8218011
2882610
563596
4448706
1262720
3959253
3904198
6259417
1558925
4289068
9985847
4360681
1478209
1370017
805088
735010
9459198
3496505
3141324
3500328
5753079
8583521
8760271
3043293
6606216
369382
7922582
4707186
9463919
7412752
4979291
5337744
2573107
1446503
7578105
6833865
8254622
6728233
2012859
8092492
8570543
7114405
1614187
7171668
7875114
742643
6945101
8643656
764423
1520048
7725639
7703141
2873209
7538099
486609
3435478
6468354
4127857
1372935
9073837
9445428
8236839
4856548
2861657
3256694
7310346
2931021
7508695
8950113
9575241
3235303
7645000
709618
1881481
8520478
7205551
9409902
3472185
2535284
7242813
449591
2670230
5540355
4467522
5144436
3727403
5089118
8928656
8318355
6273844
2984027
5330807
8486315
9546293
5359702
9302492
6662612
7847704
7163746
4506945
2113244
8839667
3527607
1413878
2902423
2256341
5510534
7914750
7276853
7206370
1483716
9602466
1227859
2421629
8855833
9528154
1029487
2918517
6251347
2633230
1473688
8258986
337568
327485
6246500
6670082
10000
8977359
3658716
6791345
2499837
7180086
9638523
5190005
6121179
9705122
7159707
6869812
3819603
6926072
932999
8135678
4976433
1296008
3786422
1975555
5984390
8058347
3405237
7368702
864756
9173681
9607314
9647558
1457113
2833683
2449607
9324904
9241234
3583967
1301641
1030416
3642372
7081832
5173302
4692957
5956685
1130693
6640698
4041487
1486840
469794
2009165
4542436
2090522
7921538
1684802
3638949
5293760
3028865
9325534
4384721
7448542
3954362
8521018
9437841
8857749
5484055
6894473
1421116
280553
2031252
6790028
1979883
3283729
3158193
5295846
9430454
5199918
1588142
3822264
1503123
9965739
3131909
9202202
6700875
5842639
1473662
2024938
7193350
5103470
2883973
2962869
6051757
621401
6983785
9362546
2073040
164635
26391
4922122
1052518
9766031
7880318
8564069
5092726
4805683
7437876
4876633
953179
1134812
7726038
5988547
4951254
3387953
4343526
5180847
4726593
5671402
1071744
723554
216222
1828436
1784383
7330131
3938898
4819857
7913272
2612153
117164
9648393
2604211
5784292
2031409
6694602
2747079
7349548
4236547
7309696
2942741
1709429
3851391
1805701
8429599
2719195
8368304
3314618
8955734
140962
4597696
3033045
9051695
306652
4107206
5549151
3490046
2888491
3961748
6058051
4914548
2679660
209567
9519591
8338743
3219361
3362091
4215418
5037671
2821489
7682950
7150610
9290115
1315202
6379306
3390013
2050615
5575520
802002
4147363
1524113
4163574
6656993
8589179
6535329
4888575
8648893
2538071
7335797
9338856
774625
7383134
9350622
5034856
8971885
4769728
9132539
385204
1478552
214699
2808444
1339776
419804
3527652
9894310
94075
3722160
9741866
9608715
1274494
7866795
5014866
29157
8017120
3262995
2054469
7802930
8273893
636053
1564042
502608
1045607
8426676
1233229
8802688
9920236
2344929
8207138
6775407
2967532
2060478
1063318
4590824
9878556
9195393
2390567
3857767
1800920
4728891
9992411
6357646
2585108
7729280
8642581
3566141
6955420
40749
1803691
4959406
8443787
2715209
4412930
9039760
3646237
7615292
5171452
1072212
9553064
1946711
7113435
1491256
3851806
1493435
9622207
3983206
2599600
3580681
6794547
2537584
7435674
1689652
2344020
5161531
6180107
9060777
1724723
763704
457834
5452032
9803202
5468135
2029814
8184444
2414158
2348569
1802404
8757420
185272
11264
7449868
5933025
3897879
2976485
8100291
2178992
803713
1199339
5042650
4485878
8424900
274687
9523445
5250298
2017935
9473211
2314872
404168
4660704
7563569
9718463
9979382
6460500
2470203
4740049
3030677
3854884
1585806
912443
602242
6990968
5052344
2697396
1194538
6919260
4100010
896698
8409279
4156415
1973455
4604164
9641620
1582725
977514
4346438
6401296
3279771
5923520
8205939
5712436
1667882
8656004
8999118
6912005
233319
6582124
7651404
5876539
51529
5423721
824809
1888648
8813880
5175045
6828060
1072334
4558361
8562151
7603354
8522515
777547
8311954
7284386
7393144
2036553
3870816
2459115
7812993
4339246
5892788
717454
9551153
1968048
2351060
427294
4656893
2451402
4444059
3777276
9335427
5810640
930390
5234255
9225485
4761082
6468875
584628
4542799
5535732
8630744
3263692
6901527
1122368
211657
649446
2586487
9956933
9762123
9842163
3625448
6044758
8640205
2420949
5868097
2736274
303313
7479418
7239090
7931339
4314407
3924255
3059828
8491936
3746715
8229397
9020156
4025054
667460
3697726
5624992
8757854
8733716
6763860
7848424
5947020
8186098
7894439
5292622
2072421
5747549
7193257
9888931
3641082
6778856
3252883
4089193
2014784
1029666
4801239
5235502
8441799
9969601
7633832
2523983
1752054
1101948
534354
6296499
3166876
5918560
8393052
5987823
7990822
4488956
3683605
8369440
8590620
3132009
7401953
7543955
2513151
9669514
6006016
2524678
4358055
4715049
8857949
7125936
4520577
550652
2534404
7720749
2104415
7085539
1240865
4630031
3021146
7967032
5587233
8688717
1350473
6248249
4482476
7350404
9620283
3163403
2123930
3262005
9882675
7705237
8363129
7322890
1937829
852885
610268
3726817
5853760
140819
3406174
8919103
5863190
2126279
2619341
5087970
7017543
4552301
7455009
1285808
2618525
2985242
3640839
548341
2211669
6280840
1497140
7977757
6394265
4178199
554748
4176079
2563692
7844133
9491964
6112066
5229482
546574
9427249
5283334
8342576
2140884
3462895
2625773
6235162
9596869
6241327
1490400
4471675
6266880
3716115
3642841
1723944
9043293
7132120
6235255
5043789
4284053
3255753
8831454
2561202
8088936
7141639
3450417
1909278
4805272
4468439
3406086
7166408
314985
1945926
4704618
9527460
8411133
2731072
2119680
1055328
8034696
9444837
7336521
4074743
9312378
6701496
1472855
8510718
8828183
2015839
7835193
191841
3430729
4832421
1852790
4800481
6292742
9044495
1916560
8426661
2849020
8108877
3908411
7720211
8166033
3492397
4476351
4349535
1049342
1490639
3454044
5265701
8827607
2062816
6741766
2136233
1802721
5001903
5487423
6866667
3452113
3429673
7816547
4830533
1751180
3903870
1549410
2785130
7142230
5090054
4896541
882278
3906030
1325494
7296793
9652887
2299554
7329685
1228089
6710362
3251645
8999417
7044211
7951377
3971732
1963152
1668019
1205947
413060
7925584
8409085
1535433
7311033
7979623
3255858
4248731
6630273
9793338
8961495
6516994
3153133
6794159
9434516
1142626
7023331
34467
1113946
709499
1372574
5753206
854179
919960
9924064
589089
1669174
5265536
8025275
8923536
5005469
627255
6316061
5677290
8077647
5821506
8290622
1260262
7741712
6855404
7224477
7465062
4839128
8657778
1194523
55954
9104393
1606054
8285752
6697856
1894391
4705156
1890392
4138079
8690474
9273528
394755
1165664
7607953
1139520
8011324
6723783
3339049
2873775
4375448
3316988
1705374
6781650
3648608
2020469
1580714
122228
9311170
6212147
6035843
8510742
7561360
7129649
7816258
615300
6948564
4599917
7477689
805037
3350953
3375705
8543000
9799969
4222221
6444147
2816809
5025793
3539456
2648679
9619700
9573355
287552
8562813
5929005
2710534
3104696
7693059
3848178
8826746
4007258
2688053
7480082
6302159
677684
8099912
6855531
4409014
4394395
8748196
6689957
836431
4496599
7485974
3433611
3203481
1834686
8331421
4608498
4518960
6365902
8498520
8824391
6774248
8985440
192769
5525789
8797834
2035090
723414
5945440
8848508
555938
7697353
9307689
114242
1810752
6451640
2385835
8486396
7664604
6333062
9383542
9849213
5786970
9121746
2908364
8920866
2753326
925664
3939534
4333453
2144333
8530127
8855322
9428307
381849
2996984
6083959
5601150
5452994
2857763
3884053
5799227
4374592
2069079
1486843
250356
7436352
3039387
2509112
3847675
9323686
4835279
5008814
5930660
3305821
2222266
1762505
7388689
1122724
2542137
4190212
8057574
1911404
8423044
9446085
4401588
1478156
3495700
561927
8745271
5869307
1177014
7748271
8386369
7694727
5171867
1428697
5898789
6681218
3356732
6343366
7453998
2634612
3475939
9496092
1270736
6687725
6526619
4118773
2487529
5940230
1693610
6521754
189241
64714
4249773
2931694
2760027
61802
6787228
9902442
5846092
4075242
5710279
5146144
3349445
679434
322376
6453798
5277286
1538169
776786
2393043
3654669
7854166
7285266
7830922
8708017
6254409
609941
2523532
3822486
7714499
590570
2680314
6956753
2233724
2278366
5968101
891039
6451385
4667705
5793026
7745917
4904766
2048903
4218642
6659661
5850048
3650154
9378400
9406688
8499448
3271896
1885553
9201936
22947
4885171
9656078
8940793
6598586
8444252
7332058
6881698
110743
2628435
3651161
7123297
5458795
7774173
5195360
7690288
5617444
5720647
2713528
1640054
9070899
1789235
9380645
8933973
9402111
8613304
3111773
6111930
7217945
9180195
7369692
6420469
5700406
2470433
2259469
2170181
3309708
8275154
7582783
1670755
444976
6609343
5916966
7913372
5321962
7947126
4041871
58809
7184854
9073607
7639211
6484677
4322231
4674929
3763466
5422113
9751530
6567898
8061735
9527474
2920103
2566994
3269725
3174152
7209487
3970839
5459391
8655807
6989299
6407405
9120102
2346211
4614131
2931401
4703784
5312673
5201281
9073175
9639522
4106587
5105683
7581818
9021500
6073236
6751120
3827012
1121878
7215299
3640769
1892819
989441
9980258
2012556
16995
3924906
8710182
8649694
3305596
994675
2934148
1713280
385682
1985171
154749
583497
6782339
6851380
5433274
8092828
4846546
7860789
8693531
1751681
4052624
1072862
1375491
5715788
4309339
7939317
1216880
5715518
7265540
4075042
7281760
3506822
8808088
8729747
3836421
8826610
1247398
5202298
3279834
7363172
4526729
7688776
7336484
4244205
4901547
5468995
2756473
310432
2198028
1739167
3901790
5695747
3087321
5514850
2576327
503157
1818704
4259174
9312166
6532113
3661533
1990453
1132765
5783032
2800673
6503151
7291983
7505838
8052298
1215160
9166261
4615368
4656931
7433887
19979
1280913
2992745
3822944
5347603
8245440
7665245
1365199
2477656
1084025
1571057
6326157
6176607
7916472
3601609
9725748
8187366
6677697
7795655
8163692
8669851
9490063
9388974
8211346
6308078
3656532
5059573
4163298
6015408
5940552
4143574
5676354
2753985
9237208
3053453
4914104
5551276
8494917
8785708
3939506
8898438
9029487
5636769
3725540
585673
3235855
4596618
2603671
8609006
3338065
7138008
5938784
6715809
1082907
1892587
5174051
8924419
4592231
9639488
6674316
4733517
4723530
7911180
779573
6310084
7248604
2683602
2009917
7838909
1952249
1141302
1298759
2250536
5085644
279109
223428
1704
2934195
9963691
8868932
2273121
7585863
7591140
9663422
7482770
5655677
7846002
2530161
6611326
6365203
6165869
9786491
6276910
3761548
3571859
7290972
3231570
9929731
6194694
2271591
5318763
2309559
2887176
4680581
4969518
7430958
7271362
2098071
1147163
9999789
8561687
6210005
3420417
4479182
9595860
5923000
8230631
3092507
4546359
7616223
8628875
6178966
128784
5160353
5381449
5571538
8459287
8886886
9199909
2365193
3786796
7672701
7144919
641415
9043769
5720834
7145781
9409
702687
4269248
431035
2457241
3968856
114607
989764
1377083
7649894
9400357
8737636
3419579
7977279
7818407
1116068
7297476
511633
4728206
3825115
3774668
545815
7731658
551781
9667764
1180353
5050755
161219
6625375
8301290
6436520
3917109
6956693
5159820
1287750
4412255
8377515
6297015
9208191
6013455
2358120
1458879
4255482
9836974
6904374
3671058
9069920
3129511
164754
4369164
7633062
9673260
771760
3233691
9030860
2698203
6378845
7361832
7305665
5799550
7071168
1605517
2631597
138602
3121027
7437870
5529944
9063486
3404547
1516236
229162
4589680
6482379
4571943
5457949
487105
845590
2919015
6682788
7277920
5960347
5963766
8793642
905842
8214691
8976039
3591714
380907
274329
6579824
7249473
9095599
7850957
7658846
5347902
7753174
6066063
2224322
135248
9099166
3592640
4221211
8300565
936503
7866221
3306893
2455945
1191391
9877474
429146
3378298
4771882
7934749
3552103
2095177
1778276
3961952
2512040
5496934
2515514
4738496
814819
4130051
8656432
418100
1783538
9896704
2831085
9696298
7883095
6910993
9758258
6654671
3728391
5795413
9395492
1100362
8358795
1643369
1645718
7564008
3632820
4188802
6612499
4344425
8964068
1522641
5889684
3174509
9256825
8380857
2482386
7131792
8114902
8132002
6601671
6500780
7673416
3569601
1896747
9343824
8859650
8466971
3070831
6023435
4509658
2787323
6237747
5505146
5423528
677946
4661061
1430482
4614406
4143824
5521919
5027401
3916633
7392846
766122
1094228
2117884
5162121
9263459
1238970
2615700
1734433
6798507
8300952
489055
3299326
732975
4548858
7345511
6767360
3228784
793045
8002652
4733341
3681789
8466154
7284494
6086064
1568104
8726893
3446282
31738
8474437
3965984
1061956
1866805
2904361
6823533
3998284
3312913
1374230
3115655
8099669
3442435
3141211
1427207
8613666
9819276
8630834
6670642
720143
1002811
9782511
8604775
746933
3075616
4353208
6671312
1864952
8616684
5280706
5627872
3423764
1228571
6300035
4487466
8083209
6973550
5891381
1206242
7187892
5146536
7883692
8337193
4129318
8361516
9436419
2855085
6084839
8987653
4526952
4765908
2453157
3317771
3816880
3064042
5511616
216989
8569224
828054
9096787
2055772
3900683
7404540
4904450
7166036
6324574
3484522
6076472
9601773
2037457
6937600
4440662
2925988
5733409
4750824
4108211
1814133
5390574
8369172
2991085
5852961
7818827
7083652
1037910
7591552
8500309
1658888
6974435
8457187
7941118
1629383
415493
606266
7990684
2499616
3728864
6265725
3166428
5026348
5524148
988617
7504091
3692280
3062679
1547582
7069765
5542721
4621361
2129748
3882497
5562391
1519175
8988353
2931599
290373
151151
6576924
362685
3500162
3317272
3687000
5686965
2228898
2249981
4405906
7855670
9442454
1950069
9783332
4769763
6958725
3677930
5529735
9430158
8258645
8327119
2750628
5063692
2513123
5788280
2285528
3608199
9388306
3099552
1719346
1787013
5572345
8811323
1731595
8803432
6805557
2133079
7673140
7910386
2028765
3974789
1642451
1429292
1630906
9420223
6519842
2614544
2108827
120399
1626912
8443984
2747139
6265709
8144761
4542512
4306304
499156
4774017
4097646
3481057
9412226
9643246
6045626
2086630
3248817
7915851
4808382
7283138
876182
9851629
3949687
5407522
4129380
2587913
2853002
1570704
1907654
6787777
9580460
4276462
8864737
6669319
2309222
6513868
9884510
1851879
3012894
6333420
8072795
7933952
9604623
8545842
8959448
8278889
5633246
332605
8487721
672299
3517712
9911125
1097111
2752227
8436312
474326
6216190
9252455
1903592
9205574
8816286
6593822
1404311
5023493
2521749
1603257
1601261
5122233
8115044
7868361
4640574
1514037
9096935
2381582
7689120
9172820
5771920
4685529
5161497
5796112
3852528
8375390
4863782
2566869
9071987
1552026
9836171
9522792
1899042
786651
9671441
2917700
9208086
6293228
5806268
3421014
1568728
4113154
542175
3670588
7429806
1164409
114017
2802229
6859329
1900446
9341035
6638957
7970659
9406262
9795143
4844114
6889269
2996721
975938
5282669
2059129
6666238
7070533
1900600
7049228
7805540
2582693
9071300
9210033
8619672
4365372
3116247
30845
9640308
7703467
3024814
8446166
9145387
7885506
5106295
4684217
8045141
5462962
428225
4887551
3844311
6638197
3763196
2806733
4199059
2127079
5924357
9501606
3369135
3359336
8409846
1506388
969093
5959763
4986241
9159106
1077657
1610049
6822232
1681643
5273115
8243715
7918667
1139764
3696989
4941893
7867988
9454386
9772474
1175055
4039183
5402126
2515464
5264017
4464145
2447743
2901726
2491591
8220158
3998612
3506662
4073563
1180893
7770771
8988891
3501012
3564512
5078041
7991922
8122692
9287732
3611558
3778746
7584964
1496270
5066212
3076273
486166
5463869
6389114
1137844
6783513
2236006
8602042
9685585
5077700
1777747
8014594
1924423
3843932
4299715
3117104
4777970
5361438
4909043
2478725
900445
1300068
3349929
7220331
5445927
7772361
9576582
9994900
2902373
5258204
3615402
620048
7369587
3225287
36556
1550738
3049988
144130
6855067
247363
7584161
716488
6373307
525917
4445766
4344235
9028803
5369911
6866295
2575361
6079127
6300685
9553368
6719127
4377357
2551565
9973635
2300584
4796481
2748585
6540659
3461953
6157713
8850481
2914769
3409653
1855321
3432215
6837218
9708983
8463467
6234820
5640908
7296985
6041770
5974994
2011836
4469606
9478492
8450597
6303441
468596
5213516
9474102
4916339
496421
8875675
4099643
9023621
2924322
1957227
7309781
4446867
9804506
4876504
566632
2053556
8395059
9160794
3878714
8371798
9009862
6760296
2618735
7411106
4290060
6965683
2737995
9774704
9632383
8621826
5669678
1863960
9082864
8613323
7631598
5967541
3879996
5712214
8009279
2925074
2019735
8395267
8777944
7395146
4041218
9305954
9828637
3894665
9171269
5433425
9606749
2519190
538270
1089429
8640790
7921232
8687858
8183664
8285742
6477329
2301041
3092647
3051941
6281103
7818461
3863172
2363205
5040701
5285684
4295267
7843254
4856288
6913683
6306134
1586753
9996420
5186129
2821167
4366080
1714993
5748520
6430190
4348696
2759886
4524735
9579539
7003461
3890877
616363
1384168
1491633
771005
6026150
7006780
2203558
7181702
4945327
1168410
4554890
4928011
2463736
6641819
1960016
774654
7432421
5757276
869239
2430320
4710288
749947
3615355
4875300
5887411
5512503
4692461
5252603
3727439
3535239
1175551
6197656
6281298
8961689
3472844
5256556
3280417
4494252
6971190
9406410
9690788
6005340
1072003
7696700
4206329
4345588
639716
7186704
5329181
3966516
9491002
6716856
1391621
3987457
765094
3566729
2528597
6671790
6936471
5001419
2522425
4993448
5327849
861390
2114840
1716195
245617
5907739
5869722
3971711
4750632
7470832
2928276
9186610
5565390
5059620
9144573
5835562
2827859
103920
1177743
2695207
8853017
829275
7521463
8951013
6368991
6745833
9717736
2613867
7707654
4137248
7466290
861624
9239993
2967338
2904113
1739112
3088317
149862
3390158
7484896
5705664
2940665
9129558
8811606
8434924
3725855
7375858
6306854
7713721
1468835
467196
7902250
8620065
6502736
4854335
8705705
2912935
2262483
6046289
1937841
7452078
3866714
5115126
9202672
1522486
6735281
8543347
3386634
5044913
4625202
7094309
8842581
9509842
9961648
6070806
5257458
195618
9741082
2968942
9167539
8613670
467469
9397411
7338362
2412363
4070670
7545796
7146128
8804253
6101632
8973784
6882180
1709816
676527
6113102
4907143
3364139
3327829
5239188
116058
3074545
453158
9705221
4753662
6030831
8096482
593634
6722371
2523978
268745
5432766
5663978
4059552
272973
4338524
927756
1600809
3669798
5725302
2828594
6962173
8605542
4211136
4574158
2158998
807546
8745470
5934262
5323664
4506490
1017375
6485424
482302
2275034
2896380
7284228
1603251
9853197
9847303
4499292
700495
4002525
9312410
766010
9676281
1126
3585021
2729309
4095914
4004182
693926
7091535
5038227
2449912
6351197
3516936
4228421
2595164
7501389
6056815
1923564
499012
3867662
1377594
4727690
2912264
2009963
9756803
7439061
622545
5380911
3657825
9111664
122664
7800415
2484270
8537984
8944578
4300230
4294928
9290520
8597683
9592332
4416136
524834
7559394
6403856
3130907
9140841
5724638
8795443
6463907
226756
9749152
4880808
478339
6020794
8168353
4597214
9597045
5544912
9232970
9146712
397274
9281233
2737031
3180831
7429588
3918940
4633131
8184058
2709743
5238178
2846543
7137642
8513021
3558484
2378854
4178530
9069608
840387
9997662
8421268
3294324
6385415
400041
7578993
5407895
3179975
7629659
441179
1611906
2495635
4352844
4625305
181183
9261996
9808907
3670849
6014882
1206671
2426721
6423573
7341505
668278
3829009
6671593
6894479
6272749
25772
3302917
1044257
238937
5049297
8099528
2164904
2423437
3832962
805527
209983
7210294
2320669
7990615
6909262
4084132
5060437
3787217
5052729
1328574
1784928
5134660
5962400
9606088
8813310
1593377
5422204
5652293
8352761
2455935
2326447
8609624
3009005
1134485
8630055
6091628
7595979
778839
8881333
1455317
251162
837298
1325923
7346109
6057446
4724328
7781728
1298179
5067666
962001
5249205
7209420
6809113
7169060
1285374
3298055
4422182
8818027
5370674
9126498
2150588
2209152
4038937
3073423
901413
2482926
325962
6155463
6449216
4983552
5964154
619937
4973949
4635353
6487612
3767870
1595190
3887160
1171206
2719631
7964256
4561825
3342833
1792295
178056
1817422
9259839
8232375
2491698
750949
2937535
7762495
7632669
5622348
3913542
6051227
2789136
8660007
6861065
9206503
2934950
2115024
3792975
9462953
7301901
7499806
3619865
1959863
6101365
5124912
3785682
4589131
7507487
6847183
6170846
118217
1777749
435691
6956438
2303229
4483046
1915464
8105374
2733768
1955666
1293452
5785183
6079462
3146445
7882728
2596090
1908359
6951010
5408662
8043078
732827
2868379
7955979
991672
2961593
2186823
9758005
3535028
6693569
4837951
4418911
8443906
9653702
555868
8186391
8355961
5337234
4398202
1446908
1348140
3901256
7738729
2194276
1020050
4050412
8320203
7927613
7690646
5028361
7201238
5326175
92325
5844019
3779867
4921450
5090913
5200626
2340748
2182289
5628665
5167871
4392516
5244855
6185817
4284839
7761432
5768695
332538
9635754
9111101
7797733
1318396
2687383
7432773
3409980
7178464
5974716
1601622
1271545
3684207
5375692
84732
9853863
9296223
3984339
4404808
5959396
7985024
5532343
3459748
892821
6461786
6604306
1937968
4557468
6285438
7897197
6975845
8506170
95775
5521724
728384
7134680
3346397
8472481
5209347
2416142
2037083
8307379
1081597
4876058
4424104
5950710
6961198
7285920
4241930
6113350
356683
1518904
4994511
6281071
3030846
7654905
5410365
4303748
5854378
3811819
274124
8969698
7435794
2107635
2254104
5816628
730155
8074887
7276697
6450187
9207946
5740293
3972549
7813449
6540539
3467568
7276785
5931660
7619205
7341471
1587591
9051829
2741843
1356309
9311379
4059884
3396885
3376687
4075709
6811407
5454755
1104086
8396039
5210676
5263069
1994932
4611563
8546771
7018052
2290605
6736634
1298978
8588963
2133073
7951803
901425
8093608
5039486
5130181
155110
1177331
5817960
7154603
780687
9861288
1267827
3714970
5495526
3884260
7282427
562532
239490
2743885
1339711
2468488
3915101
6930719
236985
3066704
9114283
9950760
4053429
4127564
3374749
4699908
929250
2183
5376471
7559969
870178
2150704
1222325
5685991
9256629
9377071
1787288
2105134
9425317
9975348
703628
4504670
3944469
5235520
2062761
5530387
1036646
5135282
6366627
7667547
6849016
3741340
3321897
1409541
9242926
6127450
7189343
7145027
8373998
9692810
3802068
1662885
4154350
8761435
232881
1177610
8418361
6981716
3652249
7314222
7197339
924636
7093889
1412190
7514483
9290304
9146531
4192878
9080217
7566977
1488904
5504775
9675436
5618527
5844706
2841369
3650458
6722649
3951472
4808400
594071
8041836
9640265
3978475
4851960
7695247
3827739
830762
3793909
5332112
9732678
8425736
247305
1430438
6191933
9994600
7770808
4818061
4879594
3193235
7408052
1260161
3113964
5848206
691653
9180464
9386843
2972836
3840941
6344215
3203695
8047675
4793923
2711814
7321483
8753831
6719282
5781094
5574175
3349958
9927505
4159723
5828094
8185256
5510152
5155804
5908773
8114789
5853228
3046021
7872275
1395940
8921207
7225694
5079174
2934938
9941203
3777254
8748705
4651619
3535295
7404759
5663268
3821385
521044
5879598
6224178
4533518
7271204
3675699
3393451
6902587
1868414
1028669
5724128
6953597
3900380
3888313
8791222
9814664
3293655
3369179
2718171
2854715
3162310
531595
2803842
5555697
1239303
2745131
596177
9658267
9387946
2029764
9511496
3523364
7377833
1185512
6400760
5333831
2537599
2008187
1563014
8204985
5255689
8952999
3147945
8209449
551023
4971246
2131392
397029
4301332
4256704
2954892
5810975
7396740
5433436
6345490
1221564
8394496
1758768
3384892
7885641
1413347
5161767
6792783
8848870
6361106
3276898
4862044
4950504
4025053
9836618
790501
8171789
7673482
6158754
455540
5146337
7338489
2012078
8207582
4428256
9091433
6812180
7906534
9394846
2684432
1488717
47226
7655151
1408610
1512026
1460141
3375911
1809786
2643914
208312
8404830
3202350
4399822
3135933
529678
1078220
9959571
5244460
7713986
9314309
8340329
5096124
1802097
8984911
2218775
6877794
2934741
8594247
4837131
9585711
7953608
4345809
3554908
4308170
8946131
7294407
3349679
7729596
3604715
6017389
8782755
9082457
8931715
3722000
3808571
3479583
5278520
2798099
2624366
831750
3938648
194600
5186690
1185320
9999487
9769938
4882311
2522331
6709444
4671560
5699314
9308728
4177582
8998213
7128336
7707721
1823510
1015439
5406143
7869177
3078577
8179494
8282663
2860253
3503414
9698385
2066037
3373483
8053063
3440415
4199817
6125088
3650169
460929
3034828
2072538
4559640
5462275
2426786
6163629
4951625
950771
4531298
4557029
1652127
9816617
6659226
9394025
9183588
9831938
6472207
3084222
1994360
321306
1444535
3495336
8380160
1093970
7004118
5499821
4812290
7359534
4607202
8011382
6267606
9292240
1860427
5900131
3516507
585876
7313537
1875152
1955264
4269964
4904300
9130355
3960373
7991020
5355795
9037502
8625352
7808860
4860600
4400157
7107693
7519354
3364401
7255479
9537472
5630826
1469177
3451009
7953826
6780076
7216979
5203670
1190275
4795374
2317654
5045632
7227368
4524144
1638743
3297728
6573484
2964124
8837868
531237
4680080
3836693
7728514
5007079
9418487
8038507
5606254
3762980
5653193
5395572
7679652
7975799
5072304
8549085
2112172
4338573
3010649
7595114
9531653
9777428
6549717
54768
558710
3049183
4525667
588983
3521980
8101514
8638015
1642918
7847631
8681031
3326836
8694195
1969281
8373372
3100237
9753437
3275412
1437397
1572073
4353766
2570340
6703198
2639661
5956990
850087
9110522
9417898
8197696
2730994
2608223
7651510
7933415
9100621
7634156
1382086
8786063
9903216
7898093
7235375
5595675
5232524
8235918
838325
2320050
4492059
6965138
1825207
365002
9034281
4852682
9299223
5880322
6008696
4333199
6788230
7249367
602358
1009374
6558298
6980636
9977140
7935706
6042737
6905238
80938
8335941
6905698
2884999
1425665
2915914
9277541
8897300
6823319
7162447
229558
1347081
3154624
661327
3004535
4353249
8606899
2755001
9914893
7601204
6944798
1780445
1695736
7222043
6075604
4649752
1159500
9071597
105390
103467
3468114
6622063
7719866
4849009
1756233
1735792
3698776
3985522
5635829
3204163
1443805
5619456
234375
5392760
883992
114418
1991354
3086802
8646455
8029154
4462695
9525124
7866483
6819211
3671901
5495977
8643030
8809751
8462091
7198787
2539462
6969015
6227396
4794611
9929238
2729594
9643525
7240328
2412076
8218618
3553263
9883221
859093
801272
1996432
8412498
1268455
1020925
2774350
5563926
750830
2734761
5568590
8790531
9192609
5566139
8652767
1326468
5734667
394328
1861313
7443230
6755940
1199996
4049314
6960510
8416110
5248627
6927217
6157727
1958183
1683768
6247209
3171977
8570797
7260448
1999038
4529530
9621198
8677626
4689855
7286467
4220173
9186511
5486489
5036017
8475650
1061333
9427595
3288113
7183842
5572965
730647
4645707
7127226
4974366
9480352
5227222
4910045
55527
2712463
2568840
2390318
2164918
7034518
9338527
4693144
1776012
7425731
6281743
5987593
6924007
9903141
8057703
5473197
2122134
5145423
8190489
2940112
1489665
8988517
8305955
1031688
4977196
2283597
9169098
6838494
5068772
3837553
8633722
9076316
4308347
3774686
4237557
8079122
5443929
5456631
404280
3703433
3963223
8204025
7055691
6179587
7508092
5385208
7191802
3236154
7876454
9048044
3299575
6479834
2897679
7751499
7477394
73614
2808362
5346174
382893
3157145
964234
9246845
8560012
6649198
4812675
7566848
3823684
7145348
5692462
2277152
2293465
8768247
9531529
4332692
8057565
9754646
8565747
2723359
9389332
3944967
3540378
4799122
5002315
283378
4732596
5537662
7467996
2209583
809596
3509343
8847748
9669910
3617366
1388662
7758102
3744796
5024917
4601279
4207325
1792494
1585305
1130661
5413667
7539928
68096
828977
1896521
1617065
4985177
8983564
3211040
1551003
9930826
1038755
3803914
8682126
4496850
2603211
7998450
6087240
1244737
8834804
3943747
4678725
2658485
3061593
4364721
1495671
8400536
6558089
7221851
7646870
5262261
7714058
5903279
4563185
5572134
1071026
2485955
1521568
7249742
5855446
8088643
3286215
9219900
2727013
1714796
1900712
7983196
4945391
4922600
6166089
1595978
4987876
3906873
3123035
5193475
2463874
2346804
9839299
4366812
8641567
7507027
4211204
6742027
447222
2224358
2390358
9770819
3525221
8354387
158426
2036219
3877598
2668535
8352226
9859982
156156
7909063
4119668
5814136
8793794
9780098
978112
8622910
3772328
5527667
9437231
1394457
7940208
2707880
294951
1364410
6704430
6925454
8616181
7433301
293530
8386520
876781
783478
8083694
1908194
9987828
1679999
4084799
8939061
2892652
3269886
9839813
87664
5160042
8584495
8550808
4624372
6166077
2034193
6862709
2713840
9734482
4933537
3372389
4890874
1322790
8230312
6661929
1270074
7693901
4988591
6611823
5768519
913901
6466950
4451530
8110599
2692458
4821181
409689
5427007
9650476
9165402
7504594
9950144
3839761
9134946
4376541
7825326
5223286
2290806
4070569
8076098
9574125
2700123
6240981
9724699
5376851
4746374
2439527
3296484
1397945
6490176
4407240
1424830
9137550
4875276
8747334
1757798
677564
5054984
7816370
3822461
727892
3414025
2485326
5405826
2768820
6800177
4316342
8576686
3077054
8529346
1530025
9425618
5442934
1192574
3313864
1138949
7562110
6613732
8803678
936246
2463682
2127587
2556688
5933505
9708756
3543936
6057108
7028091
5259786
7929875
4819049
1743861
4692462
4256424
1337191
8810565
3080595
1431121
6983058
5415349
5659095
9997265
4702522
8096645
8451198
3134184
7506260
3526005
5623659
6555011
4479083
4758821
4143904
6719725
9704501
6756505
6025580
197003
1658130
1091929
6907493
7636852
1290838
8025686
8521738
6048609
5293443
9266781
7550194
2979778
9071013
8554264
8347712
1965033
752978
5878103
6126034
7048048
2295925
6597293
2436159
6446937
7951609
727474
9347083
1040366
664834
1319997
9847536
178537
2457535
6528223
397221
2589395
2426810
6396117
4236489
2944127
5022468
1700180
2846248
3441509
9687744
2740019
9635689
6105770
558549
1419313
5687747
8917781
445116
3517964
5396944
7531383
58785
7890893
1433240
4633191
9030426
4942899
928032
8447976
3692433
8306627
9094213
7751776
4953602
8615433
9794068
9949326
6050194
4577059
590042
81980
8666737
1368037
7965437
7391318
3564572
2755631
9750452
5408811
9532446
2399272
5587361
1116126
9931908
7066935
3286862
5169352
8947907
2340804
3702351
8397250
6429769
331845
3453848
1855004
2989298
6475173
3232572
2517572
4266064
7396018
496020
8428706
1025547
6592594
2147726
7303929
9794312
4636655
8661990
467108
9071279
5335953
8623754
8690331
9184011
5103006
1995344
112373
7834882
8598399
3625690
7717527
8952494
7742132
8310495
783272
133740
9067076
6345500
8310368
9494848
5284758
7424943
2958191
4752078
6437199
4115409
5872996
8730345
96851
5871738
7991433
6604969
4056790
3341624
6804161
7079271
6456597
1873058
2300525
5232259
9581477
4269071
6670160
2570934
7167441
5943332
3521551
9615920
5878598
4748516
877596
6850391
5644294
8373445
8504641
7099130
2542217
3701550
8082017
8119287
9606152
2769023
2170783
8662632
1027479
5667266
8101075
5689363
9465255
2383060
8731568
8101696
2083244
2163692
2517437
5667708
9043589
2492126
323548
3198787
274396
513725
743120
8924834
8134324
8120782
2051192
4743655
1578647
1369384
6133084
3028095
9287117
3740086
4579054
9964842
8900269
9314455
2866522
8746041
4067697
9696287
4723133
4169662
5523480
7373495
8895352
4076826
4804330
6643749
4062270
2531407
8409376
6340631
4228817
2988789
1835599
7509678
4740948
8629306
4703724
6382757
8633001
2317651
8586882
6157268
9153408
1840200
596491
5564939
1860915
1944844
3556640
65068
5977256
5862953
3685981
2783841
2970097
5332936
2824976
977510
1446714
7389925
217053
2366414
6552170
7556650
2918419
9609050
4010403
2261126
6354257
973844
6103309
6047209
5647662
470033
3869581
6806796
5797841
251472
872185
8978076
3984521
4715562
9588075
6569167
8321710
57635
5178483
3135334
46006
2291416
952436
3575519
1766123
2908886
2829152
1333819
5757921
9912981
4764858
7365210
9627782
9344728
8674664
1473127
9398446
5089551
6396900
4681924
3019764
508953
612414
4766265
397220
1740978
2491536
7971805
4639143
1724006
316233
8778409
4486213
4253937
6503534
7637158
1126175
6115276
2315573
424080
4263172
8683714
1934240
7207790
8140547
3839152
8236574
841412
8034894
3901667
7506113
2314353
711767
5674691
6006030
1791360
5082310
993863
9954866
6930611
5053064
8056969
8128246
3647295
2093125
6297161
4888593
2916061
1364737
3872156
2075268
3586856
4277852
9600362
7159504
9424736
3771682
7236159
6840289
9003040
2861541
9512056
4865907
1900390
1453467
6762399
3923792
5448661
3374494
2231898
878430
6203150
9481914
9605112
9892357
9724783
5058629
275629
8909069
8425706
403908
5336291
3536922
9348891
8210937
6067052
9248566
3353763
176815
7286103
3839814
6011649
2890873
2289272
2363693
2553354
83568
6232442
2932487
4283883
4804201
3687276
7331106
3330587
1101801
165810
3729128
2963893
3867483
8796411
3349851
4645173
4040656
989269
365359
5160774
5616700
2185657
7055765
4373208
7335258
532414
4674072
9571359
2671441
7549724
5856714
6840614
7606825
3458320
9740796
5547625
2765665
8296539
2749085
2540013
5770964
5449722
7410460
9276487
5347383
5007179
5063925
9846096
6021820
8384637
9865169
7111426
1764759
3870416
8210460
4367380
7271001
3812396
2284790
9888193
9758490
1041828
9422118
9504528
6612144
5818767
4095128
9824674
872534
9397818
3984891
9755306
8440366
3861716
5913210
5455780
3895184
1502609
4062131
5676509
4316380
6234137
700092
1844699
5609499
2495818
9342578
8059278
4994053
5325120
9819685
9009484
45200
3397566
2779651
6870496
931070
6054763
9998694
110366
382068
126276
3874356
4279872
3346979
8397320
3588787
8891556
2287154
7083347
18982
8760375
9155474
6668070
9233349
8145355
1146934
6002704
9497923
5359849
3358291
893265
2509920
1897313
580528
664505
1571826
8580104
1690856
6756280
4137993
3546396
9949291
9425784
7298796
7221783
5246873
5883123
6512731
6641761
4094934
7877844
9754466
2085006
5162488
1410047
2695722
5081632
3334986
1756631
1079520
8324508
262882
5311437
4309665
6186053
846400
5776126
722315
6653931
694083
8504074
3246696
9723637
6276460
7600310
3937545
9572510
5480892
3937410
8768544
3886736
449283
758880
2241234
4758587
9440196
8041291
6265783
8340837
223745
5863543
3531242
1901043
556065
9148954
7801698
6918198
252753
9249621
2921761
8823469
3523818
4075624
4315091
4165307
6239856
2530148
4731426
6184574
5995260
4785450
3904734
1106776
511883
7139584
9186717
2699702
2979786
3728216
2052355
3088146
1868619
3909151
9883369
4885734
3143844
1880344
4319130
9915658
888021
2004769
992287
3748752
4702071
7178056
5131425
2675849
8184499
7685220
8313126
3941160
1550127
969553
5038414
8037267
4749933
9637875
1053204
1745558
7989555
4514561
1970830
6292332
456326
6711381
9467736
2209677
6106594
9188595
3087951
2139100
5419219
8311760
9373108
1989678
841782
1661199
354010
6878258
8478435
6338900
5724419
6751880
534271
2843497
7051626
3210881
694097
5506917
5136078
7285096
6039047
2435125
4796519
8185175
7137405
5004432
5743679
9517632
3815840
5966094
8370118
8034963
1575512
4310391
7815366
1491278
2100697
4692934
5758969
4514691
1213103
9200917
9020676
4064738
2564367
2177745
4540472
823350
7434412
6611799
3073957
7660482
6225622
13001
5758143
4485269
5855173
3754567
2538608
3507231
9014647
1079016
1742998
9238563
2739213
278361
6257539
1268628
6071391
7050471
1705389
8443774
8515465
6417381
7955314
8828544
4968604
993751
8871609
541347
1285166
9924275
8758298
5174482
753314
3205903
525304
4569858
579528
2094126
7876917
9162244
8223200
8719235
750524
2616993
6328162
4615947
7064831
9228668
1234666
3484851
8081391
5383767
661573
2218164
2430698
3927779
8353736
1569190
4079892
5891064
6865524
5925731
2082369
3864597
3131475
675500
2798277
4554765
9424863
5403747
4058302
440422
7514880
357969
3492678
8287226
3013912
1187344
8239428
335178
4662995
2177613
4804235
3108358
5590858
1533387
2191827
8115783
9356498
498344
9337602
4209911
4198923
2952397
2562331
9719946
2959246
8258264
4898966
8031025
4165485
6367750
4185213
5464229
5491498
29461
2843282
5244825
4723228
2293484
8886617
5493133
9426315
9897363
2184758
4571238
6683119
3339504
4133859
8149184
9258743
9271766
2019734
6997741
4442228
5424005
8873158
3869906
