6051
5946
5456
1893
1922
688
653
9491
5607
8372
4022
1181
1153
4630
2785
129
7240
5612
7688
2075
1896
1501
9157
931
4444
7896
7565
5932
3481
4251
350
7913
3175
1434
9807
5751
5122
7356
8545
1292
1088
1014
4154
4361
8777
9571
5841
2882
1617
9411
4379
7815
2022
7489
644
9483
32
5226
4358
6060
2187
6143
578
9237
7999
3575
9265
6128
2436
5025
3558
5661
2033
6056
4918
5094
830
8201
8052
1289
3226
1994
599
8303
241
205
2262
4621
671
9867
2153
7610
2920
6299
7194
9878
2926
9436
9918
3179
4503
1597
8071
3774
5500
66
1278
9512
1169
9337
6720
4481
2434
818
8438
8233
8919
7890
715
1686
4885
4859
3996
7080
2899
8062
4737
7058
981
6355
9428
2846
4910
1012
5889
1804
2694
7840
8696
7581
4255
3378
7515
9966
5069
4200
9224
3235
9559
9582
8416
5037
1453
3467
1574
4108
2471
7179
7563
3683
3688
1105
9173
153
1598
9451
5648
8397
607
8980
1253
758
556
3900
5078
5734
5658
8133
4834
8622
7589
6510
1971
9327
2764
2139
2683
6945
9112
2582
5164
5223
9489
3736
7525
7288
8602
2188
2983
6226
2935
6185
342
5316
9928
3037
907
7479
8448
7812
6813
9978
4495
89
3259
9872
5864
8265
391
7023
5615
4843
7682
9584
7743
8707
3876
9661
2549
3901
7167
7855
1462
890
5302
2314
38
4271
6326
5713
1044
2414
5117
9378
4957
4603
4147
8261
1636
4066
1376
2810
2100
1238
9053
4004
5796
8755
7579
7779
7189
8939
9894
4505
6887
3606
4616
9153
1746
8376
4869
8935
6316
2163
3239
7820
3531
6177
8131
6151
1970
8492
6848
1760
3537
6641
3853
8769
6713
6694
4815
3581
3791
6633
5639
1798
2745
7968
4088
8104
4945
9766
1555
3931
1007
5887
3708
2003
2497
1257
4539
1698
4079
7150
9248
6885
2325
6793
7778
6965
2947
7175
5485
8845
5792
3824
6272
6149
3640
849
9380
2206
5447
8067
8594
7531
5252
9705
6551
7659
778
1182
2654
9964
746
1642
1459
6864
864
5048
5730
8243
9462
5782
4378
2865
9613
6244
3915
4244
3811
8873
5261
5015
2241
2364
6004
1623
9703
839
595
2574
6479
3910
2078
6788
3006
1217
3615
7575
8849
268
1650
1404
9355
9194
5275
7329
4634
5822
8837
4405
4927
9349
5006
596
321
9189
213
212
781
6811
5999
5850
5112
2543
1586
1655
2127
5688
9921
4894
6063
4959
2524
2961
6686
5388
1676
8624
9111
7861
3370
8373
3885
4275
4578
5472
1263
3075
7735
175
5969
9220
100
364
5168
925
6514
1487
2459
5830
9176
3111
9503
9259
6782
634
7703
57
2595
465
6271
4054
1161
7429
3613
3657
630
4499
4299
72
7728
922
8855
3339
526
1429
9793
4672
4269
3841
4355
4394
8997
9842
6327
1690
1599
9804
8709
3305
370
2457
5516
8260
1877
2721
2089
9572
8974
9363
426
4162
5276
2374
2749
1332
9916
6269
4342
2761
7967
7889
1150
731
5293
4536
9943
5149
3746
3769
1712
384
1277
456
3821
5336
6850
4300
3977
5385
9566
7081
2165
3014
4337
4557
8688
6696
8751
6626
387
4334
7962
2707
8211
7443
8572
2251
1269
7584
7146
303
760
6145
7651
1314
2234
1939
8601
1326
4415
8731
9306
5229
3939
9612
2272
8012
4925
7545
2726
4819
3936
9675
1535
1216
2646
1537
5421
2623
935
4217
2016
6314
6498
891
5185
7554
3453
8848
4831
2185
8636
7879
9748
804
5880
6596
4256
5535
8300
352
5672
6161
6505
5445
8889
4874
2455
2186
4294
3411
5798
1677
5566
7862
488
3637
1664
2958
9038
6767
5096
5518
7952
6560
7253
5849
5394
3072
2432
6442
7998
8663
6415
9096
3280
6198
8192
4938
7451
9487
3715
4655
1431
3568
8094
3721
6524
5477
4067
1043
1333
4409
1719
9744
7835
5463
177
8561
8691
772
5062
3896
2391
9018
6088
9122
6163
2379
2403
8484
5271
2133
5380
881
8892
7534
2423
2330
687
8326
2109
5236
6703
1281
9162
6139
9359
10
4411
4511
4853
8220
665
6653
2051
2176
2058
9262
9107
588
8217
8878
4624
2129
528
8060
9329
9383
8005
5842
9278
5215
670
7269
7277
1821
6183
1454
290
3510
8883
1069
3114
4899
7646
9109
449
8871
7177
3768
3469
5045
372
4329
3043
6304
7613
2902
9809
7297
8746
2296
4331
8203
2741
4674
5828
1603
6689
3294
5354
3856
1048
3276
5565
3381
4749
3437
4252
4419
3472
4500
4296
7302
8850
501
1911
7691
7859
2859
2320
3724
4375
3287
8859
8581
3088
1951
6632
3312
9735
5464
2202
2858
2442
1162
7697
3767
1103
7387
1720
8660
4350
1209
2973
3592
9588
7379
9801
9002
1163
9105
9214
3233
7448
8115
6507
7950
8224
9752
9048
2602
6921
8514
9055
5559
8362
60
9039
7910
3512
5144
7877
6591
8262
7552
9274
8441
5282
8987
8825
7483
3881
4956
5107
507
1766
8548
6147
1219
7522
6960
2878
1248
2079
5827
8392
8226
4458
5238
5651
4367
8706
1884
54
4153
3173
9011
5793
1808
42
796
6023
7016
5428
3244
4340
9958
3394
3805
4443
9144
4895
5291
6592
3626
6880
3063
579
6029
7235
7318
3828
1695
1663
5831
2974
2687
4347
2508
4516
3935
9457
4673
7468
1897
1330
3691
13
438
777
7903
7654
1715
928
7604
6616
7209
1900
2914
2302
6242
2600
5431
4707
1929
8377
3256
1108
141
8507
5788
6851
8010
9324
7044
237
9345
9634
3835
8813
2172
9531
132
4865
8678
9945
8268
7948
5948
4893
6933
6359
6668
1708
8857
7047
6100
7024
910
7848
4161
635
5376
1388
5991
5763
8338
4618
558
9546
7158
8204
9022
9409
9635
3007
6657
5442
8853
6431
8242
8136
9065
6014
1084
7562
6280
4502
6462
9498
4156
5262
4730
5775
472
2670
5981
2224
168
1709
3341
7680
7630
2184
4417
7211
3937
1834
7512
974
4958
4478
1463
5258
994
4119
1059
7960
2356
9729
2891
9312
6798
5635
3258
1200
7308
8172
2814
4494
5253
4425
2692
8993
9697
8174
266
2267
1852
9452
4168
1807
5390
313
9134
5175
9388
1296
2008
6654
3582
2517
6710
987
6903
9683
988
441
9562
7344
8734
3491
5801
1102
8999
8367
6806
4365
8228
2988
9847
8297
2048
6853
3825
2143
4290
6041
6746
8765
9876
8357
9901
3487
2368
9828
8018
4276
3827
7113
4238
9690
4675
3133
6286
273
1000
9525
1675
5742
8554
2596
4128
4928
9010
5503
2501
4653
9574
5005
9323
6874
6515
3735
7262
8739
9102
3091
9291
8965
467
5924
5083
9169
8210
2937
8154
5508
2562
2358
8252
569
5487
9765
2488
3291
6104
7827
2986
4800
9104
3607
8432
4677
1912
5099
1975
5486
9040
5035
9638
5060
3438
8820
6220
5980
5331
230
4374
8284
358
6809
8702
9567
6749
3797
2611
1261
429
6556
8927
1810
9045
1450
8512
271
5851
9009
3685
3118
254
1210
3700
5125
2518
6283
7303
1353
4003
4657
163
8093
3519
6006
544
9064
5510
7938
7727
7031
9410
6649
4426
7124
1079
2760
9631
5573
5575
181
2771
2942
3760
6009
4050
878
2225
8435
9528
4263
1876
7939
9659
4908
1255
1157
8107
1509
4590
2115
4949
2399
7516
3321
8931
9679
1714
6049
5311
3891
21
5068
5123
9836
1380
2021
189
6017
8523
7698
6033
3231
1426
224
1606
4301
4875
3036
1835
6062
1309
8428
8087
8659
3475
3323
5541
58
9455
3177
8970
8753
3645
8325
5943
5369
6356
40
1934
5396
8988
1419
4477
8685
2502
3141
3039
3505
9425
4940
185
7307
3608
4614
152
1421
5695
7099
8235
5157
5077
2642
8011
8502
5876
9478
8904
7625
2017
3850
4351
2340
477
7605
4019
7268
8822
9399
9431
4098
4529
6256
805
1307
301
5614
2590
1882
7196
8692
78
4976
2520
536
3951
6729
1386
8413
6288
7156
1015
9989
2467
4861
1687
6059
8253
5538
2829
1413
4480
1066
856
5761
3055
2268
2306
340
6156
2250
4999
1379
1980
9192
641
7263
7721
5557
9579
1090
2088
592
2713
606
7933
9297
5693
5509
3839
8720
8666
6164
4768
3718
2282
3706
3849
7085
652
4437
3526
5111
2385
2053
4839
6964
7887
7821
2216
2754
871
3687
7592
4644
9414
2416
9438
6897
5264
5473
9171
6287
6918
2337
723
1305
2887
752
112
2160
7163
6907
8035
943
7160
1621
9877
1713
7408
983
9077
4497
3255
9962
5249
6708
6924
6664
3102
1828
991
8744
8045
7365
4994
7497
6796
8488
3775
5085
6564
7142
61
9723
7157
8256
4318
8139
3326
7655
2589
6079
3593
8902
669
51
7474
2919
826
3207
7849
7957
1498
692
3940
7833
4692
5768
7406
5632
5563
9000
9757
5582
3398
2898
4964
2744
5110
5087
5304
505
7374
2324
4434
4093
3899
7200
9915
6425
6697
2872
1473
8259
9152
4562
3216
7144
9033
626
2265
1685
310
2671
1557
2125
6648
9732
1514
2443
1962
4646
6532
9997
4438
4025
1363
3632
5011
5609
2247
8926
2274
984
4046
1515
855
8029
5669
6600
540
2110
2474
3080
1335
6693
4352
431
658
9724
2461
9721
7326
2409
2834
625
7454
9475
5458
2636
5806
1985
8833
6872
4591
5986
7371
9058
124
5313
2371
3158
5088
2701
2105
275
6125
8120
6180
328
1065
5515
6172
9166
7279
7621
338
863
8020
4106
6868
9182
7139
4436
1789
5628
6459
3452
4741
6317
6979
487
2309
1596
7649
9762
209
7870
5170
6379
6808
2235
4777
3597
9865
2124
2489
3705
1227
5290
1368
8353
7021
9295
8051
9626
817
4245
5574
1503
8359
7327
541
2098
9573
2964
5968
8824
7383
5183
8815
643
3633
8694
5299
2141
7032
2023
9167
9701
955
4268
2308
9151
1591
1638
5721
7569
6805
7816
9670
1895
388
1250
3871
1280
3145
7993
9565
7495
9072
1041
6417
7745
3655
6025
253
1752
5952
6737
5424
2852
2496
4076
1120
122
7026
8189
7121
4283
8266
7249
2034
7354
906
8840
949
620
2389
245
4473
4359
5142
7705
475
1556
6476
3932
2612
1038
9694
515
5081
3368
6463
6358
8394
8721
8599
720
2873
9188
1883
1091
5780
2199
9287
7687
4935
7236
939
2533
2768
3546
5783
6318
3288
425
547
2795
9057
365
8658
3017
7112
9205
3711
5595
1836
6702
6849
8534
7834
7618
9193
3000
453
6405
1577
2968
6435
9079
8991
7543
1784
3710
4628
7977
5404
8885
2598
9734
6123
3460
4096
6807
6635
9299
1688
4392
171
7001
2304
7560
8212
8943
4804
1977
4181
8079
1817
972
1732
7916
9097
5013
7453
7062
656
3666
8963
6896
4993
179
8479
8340
6774
7884
4006
5498
7723
7186
6160
1095
9028
6416
3220
5976
80
646
8159
5411
4916
919
8113
6723
2351
7076
5361
9984
7222
4520
4312
6268
7775
571
5901
6262
3336
7473
5627
7744
1727
8956
4474
4526
4264
5674
7513
2578
8206
980
3543
459
6189
3120
8684
1862
4920
8370
5906
8759
2271
4823
9396
5
9024
4148
594
7063
231
4470
7210
8686
829
2554
2321
5767
3203
2239
1427
7953
3973
8856
7360
1978
7983
1955
6117
8664
9453
6099
1085
2064
1051
5506
4521
6426
4863
4867
8025
4143
2101
3441
2144
1611
2638
3095
5169
5599
7526
1177
5985
6743
5964
5418
5883
5748
128
4056
8068
877
2333
2329
1938
1881
5079
3263
3588
4821
4917
5233
6520
6114
4175
5231
5386
6508
4259
6546
6578
6030
1840
9743
5194
7108
1053
8921
6711
2777
9678
6656
6239
3029
577
9527
8199
4891
7059
3892
4087
3864
4233
1533
2934
2804
4133
330
1847
5155
223
9370
4982
5118
7498
1510
870
6348
8579
6707
4523
7781
4120
2301
3101
5987
6867
1986
1506
2668
6671
8648
847
3210
4906
4594
1359
2994
8414
7566
5803
4212
4626
7918
69
548
1284
8675
4510
6763
6357
3254
1347
4553
3819
770
545
1738
4716
4810
7109
7586
7161
8147
4990
7708
8457
140
7871
8969
7797
9340
1800
2979
8616
5387
5732
4055
5420
2977
4517
4149
8049
5381
1206
4081
7170
408
3083
1921
143
3974
5284
3980
7817
9564
6488
1534
5283
1024
9352
413
7653
1561
8909
2720
3621
7243
5711
1578
2012
8084
7750
9948
2893
4901
8701
2350
7469
9982
2036
2975
8122
4550
3489
9201
316
801
800
7633
5070
4125
889
4498
5676
4030
15
5162
9767
1768
6889
2468
5666
8699
2931
6368
3605
5917
2850
4961
199
2546
8817
8582
9235
3963
9987
9756
9286
2312
6423
5953
3894
9979
2737
7490
6917
3571
2458
12
2298
3439
3556
8978
3966
2831
2171
8668
5288
9494
9180
3140
762
2134
7395
1511
5992
8202
9863
8347
3595
227
7683
2963
9621
2837
3941
5754
8657
446
8126
819
2475
1613
7789
2151
514
4049
9186
1322
2553
9332
3991
2240
6542
2439
2256
761
2400
9472
8789
3427
6142
4010
8920
4187
4791
6528
3779
1992
1960
4745
4084
5984
6745
4743
5533
3149
6328
1576
7123
5920
7836
7777
6781
2345
3286
9417
239
1230
2092
2885
4984
6406
3229
9114
3904
2173
8950
5172
5970
6587
6572
4399
7864
8497
6427
8090
3433
9351
9014
7439
7313
9929
5468
5212
6567
1060
2665
5028
4567
5848
9316
694
9861
8918
65
7066
8518
3082
7656
3292
7539
1097
7005
7805
6230
5643
2002
85
610
277
4192
4824
2037
9917
445
5502
5654
3812
5055
1485
4423
6526
2614
5439
7431
8425
9212
4848
7873
7867
5895
2639
8114
3169
4814
2936
2091
4969
3369
5000
7291
8532
3696
3215
3804
4015
4832
7773
1646
8506
3750
3193
4013
2766
4020
3317
2112
5152
2035
9601
1241
6944
4537
8142
9606
1718
9377
1226
3832
2237
1942
4900
6095
3545
335
1637
5586
411
4267
2853
3064
3155
3013
6741
768
9667
9015
2571
6634
5983
2145
5832
5208
9320
6388
247
1889
9907
4580
584
7324
9983
2644
3223
4841
7764
2911
1052
8948
7647
3547
4855
5278
8600
6801
6290
8643
6766
151
167
2849
1581
473
608
8324
7261
5082
3676
9441
1180
6053
9459
7802
4912
6485
4357
6778
979
8345
4799
9954
34
5818
5922
3053
8592
4336
1446
1293
1702
4297
6101
6517
1990
767
7718
651
20
4057
9708
6418
2281
5897
5067
7544
8299
7083
3442
9429
6492
8537
7961
4689
693
3436
7417
7434
2375
7878
4048
2689
4533
8567
2576
5305
37
899
2081
2976
6852
7107
659
6188
1416
4798
1320
2192
46
6588
6904
4694
3634
9691
7558
2040
383
2699
4740
990
7432
7284
5286
9196
3670
2513
552
4805
8398
6047
398
8762
6834
4362
9834
6069
3237
110
5349
1899
2904
897
6061
4085
4560
5859
6996
6688
121
8893
1224
1786
3916
973
1569
6869
8185
7937
8042
5325
4972
427
5073
4759
8530
8089
48
9633
5435
2510
5684
4450
8836
7465
9184
9142
7447
6467
8604
7909
6367
3579
9423
1372
8443
3501
3196
6392
3578
5407
7105
7143
8586
9959
5147
4017
4551
4546
1142
8834
6323
7051
9309
3995
5220
1984
7900
2599
8761
8504
8674
6698
3009
2998
8037
403
170
7928
9098
9069
5043
8073
1683
4127
740
2945
484
3511
9761
75
3929
6036
9622
7852
7908
9999
8215
5553
2534
9364
3446
1170
7470
7675
146
9408
8180
9046
9630
6475
5979
7535
5161
2693
2175
1246
1705
6003
6052
2142
2982
6340
6315
4472
7245
5755
3019
7198
7713
9689
471
255
5680
4366
3535
8749
117
4033
3971
4884
2957
374
3733
5916
1540
4504
6273
1917
4772
7671
924
6289
8102
7761
496
4330
5314
3604
1544
3410
7086
9593
2072
582
1795
7003
6536
2622
8216
6974
162
7810
8823
3644
5230
1998
9256
1966
808
9893
8791
2881
3061
7212
1956
2841
3456
5670
8415
4973
197
763
234
8595
150
8665
3549
1439
50
8934
414
6205
8573
2231
7101
7640
7278
5356
995
1482
1549
4026
4601
7695
4265
244
2536
7165
3758
417
3407
9507
7819
7155
8869
8453
6031
1749
8471
5947
9061
2411
6303
2838
1567
7837
9496
6302
4214
632
1020
7597
2365
7394
1820
8608
2972
3100
1579
314
7620
8330
503
9439
1516
3906
6165
7517
901
2352
1371
4332
4827
1403
8962
7218
8774
6224
1298
7147
3500
8781
9551
4844
6856
7876
7035
4752
4829
3129
1466
6035
5250
3772
3373
2473
2118
5866
3639
6345
1290
6231
1468
2372
4762
857
2056
9716
3957
7652
452
1235
3524
9339
1656
7359
2704
7369
5255
5315
1471
3131
1040
8703
6612
1860
522
7509
2657
3380
6369
1583
6200
8439
3313
5375
4293
4761
2063
7551
1560
8952
2895
4629
8013
2482
1414
7251
2987
1221
1649
8327
6830
2222
9228
1868
7202
2491
3844
7258
5715
9124
3164
4261
1815
8874
9733
7227
8614
7281
7256
5591
3384
9437
4750
8898
7272
3137
3800
7037
5382
9684
6659
6334
6121
2259
9788
9119
7615
311
2959
7965
3405
3136
5708
5805
3344
8868
785
375
8975
2827
353
379
1201
4706
5771
1370
7358
9577
9288
8989
1472
6692
1657
9484
7351
3241
8148
2086
5787
1344
2404
4386
6563
5547
6274
6473
7011
2944
7729
4488
6228
5874
5398
3863
4584
5904
3490
7342
3204
7366
8676
8091
4032
1682
8899
7205
4542
7670
6203
5389
169
8386
6677
8014
5032
8196
6891
9515
8075
1016
77
9367
8588
7181
3590
5053
1396
8152
5159
3423
8866
1151
6240
3483
1913
2770
8309
9175
604
1620
409
1346
9149
6838
5301
6929
5427
6833
6428
3219
2067
9130
6770
6810
2667
8124
8653
5978
5776
3001
2605
8835
8028
3663
1119
3298
7540
9252
6751
9415
8630
6821
6092
1618
5306
959
1744
9481
8023
1949
5645
9198
7120
2266
3623
1081
1788
4545
7372
8713
9608
4496
2568
2294
5057
8932
3284
2684
8384
1819
2196
9658
3734
1660
238
8553
7133
4648
7285
9558
4160
7719
3011
4363
8009
9832
1748
7986
7929
8953
6236
5126
4165
2826
5345
492
8890
5228
7746
929
322
2190
5034
4061
334
5977
6026
6742
2531
8945
6331
5847
6329
4532
5791
4645
1866
4229
7882
3020
2386
476
285
9062
5146
8583
8472
8431
7460
2836
5151
8469
5248
7832
8237
9892
469
2815
1358
2519
1592
6584
8705
6909
589
7541
1775
5935
9884
1689
1993
3740
1906
4279
9730
9651
8879
8735
5861
4178
4457
8096
2431
9864
8577
6214
4074
4232
7506
1451
4250
8208
784
8366
7217
2648
8364
8667
5100
6680
3044
4746
7523
1659
8332
3984
6758
2288
3809
3444
1668
1644
3703
4575
6936
9110
1205
5090
8468
6673
8722
6065
3954
2613
4166
3466
2714
1863
4099
3109
7088
1080
9404
2214
329
6162
7674
627
3426
9787
1528
5490
3496
2114
1694
9981
539
8613
73
1202
645
28
9135
8455
9783
5512
4837
549
5819
8163
7992
8106
8782
3275
4115
7450
4702
5530
3905
9909
3784
9665
4493
6155
6297
1164
4966
2960
2353
8639
8213
1311
9155
5080
2047
8344
3801
2924
614
3397
8645
5137
4849
8486
9087
8222
6841
125
7676
5124
9549
6010
4260
3798
1979
8395
3695
9545
3033
788
233
2608
5323
4718
4725
1207
6982
8331
6601
1159
3097
4506
8966
9289
3949
7507
4623
9267
8972
7418
7352
5967
7052
4593
5899
8412
1764
8234
4639
135
2798
6401
6037
9471
6135
2472
9449
9839
6130
9933
8513
4089
9619
5525
7505
5166
3071
9738
8030
4637
105
8792
7174
5802
1945
9229
4164
1019
8422
2361
6344
2068
3189
1508
6518
9620
2616
1183
4240
1559
6366
4676
3845
7616
3076
2291
8529
8901
6958
3324
6621
9416
4913
5894
5527
2566
1858
1666
8285
5773
2316
1315
6738
1152
4230
256
7880
7932
5395
3872
4876
2922
2158
529
717
3056
5843
1415
5466
4963
3684
5585
875
9726
2200
458
9645
8108
9682
7289
9375
5300
8143
2076
2042
8508
976
753
3181
5579
5483
8000
851
9770
6337
18
7979
6050
6651
1523
331
8001
8826
7392
8458
741
8436
706
2725
9903
377
2495
6534
4647
5823
8681
3188
9335
1374
5232
6111
3852
721
7990
9183
4199
7582
5075
1916
3447
5049
3857
7720
6988
2509
2005
8462
291
6820
2779
6022
719
7725
1420
2738
5138
7004
3795
732
6181
9792
9692
8456
8390
6481
6202
7449
356
4316
5836
9021
8693
8138
5576
774
3948
3026
9535
5453
8121
5281
8433
406
6390
9251
5046
4856
1092
7768
1072
9704
2415
480
5036
6991
6678
3660
8804
5810
619
3338
7276
7568
7561
9121
7759
4792
7027
8810
4812
3358
2444
3664
7794
5873
9430
6257
7228
7923
7585
7013
5982
2097
941
2723
7807
9632
6544
4763
4975
2675
5127
9266
134
8880
5370
312
8516
3356
3170
6977
2094
3087
2154
9627
2610
6261
4729
8083
2912
9657
8736
5007
8281
3717
2880
7184
8662
9480
9037
6452
6901
8063
6278
5611
1231
4571
9353
378
9849
4543
8490
2209
6631
2966
7295
483
7048
7733
5555
4753
1950
6568
9023
1974
9610
6284
2445
1780
7995
7747
8589
4315
6565
1651
1521
3090
8465
794
9643
3697
5534
3707
6731
532
8737
2045
7942
9125
1665
5546
8288
1467
2428
2832
7486
3348
1222
1827
2507
5962
6776
1436
4822
9273
3674
7958
9871
7524
4818
4781
583
3165
4001
1628
2376
8132
5031
6264
8661
3877
4095
8714
1366
718
2157
2981
6407
7858
4953
6787
6922
6187
6863
4343
8381
2131
8111
9420
4583
1046
7677
2095
591
7756
6175
1703
8895
1643
3424
9419
2440
7466
7845
3807
1345
3458
7717
613
966
3538
3497
9905
3858
2277
2303
9016
8002
7920
5963
2366
2916
7169
790
1734
3454
3855
3465
8607
9052
933
7969
8578
8040
9406
698
3183
4836
3328
9530
977
5153
5018
728
2378
2499
9372
3515
3434
5725
6150
3898
5488
8841
6173
707
9282
8405
1387
612
6445
6174
9158
5757
2645
7216
4835
7446
6184
4196
1609
1268
1425
6785
4314
9974
3783
416
4635
9618
2901
2363
7203
6054
4395
7905
1632
4490
1258
6502
6950
585
9750
9812
2674
6311
4600
7978
1785
7197
8671
6759
8286
1203
550
9874
1064
9947
182
1410
6595
2264
193
9281
9845
3042
962
8402
8745
7650
8054
2535
5001
4936
9879
9326
3126
3285
2538
5430
262
7323
7427
6618
115
7094
9510
4118
1546
8294
9935
138
3135
8194
1339
4514
1475
5532
2465
4028
6159
8170
689
1056
8077
3925
7765
4319
675
2451
5372
3671
6582
952
4388
6540
6620
911
9227
324
4038
5993
4660
1762
1838
8380
9136
8356
9960
5279
6931
6307
4838
8888
222
3451
6434
4345
9247
1047
7632
8770
7904
5474
6127
1063
722
5750
3074
5539
5989
4904
8854
695
3297
1504
3432
3038
853
3245
2584
2130
1493
55
6120
7391
16
1855
5598
2992
4403
7769
3873
6277
8476
8799
7151
3119
7494
304
4031
7440
6408
4065
5677
7046
7617
668
3860
2784
2370
2989
9773
6585
8501
3678
1148
8957
8728
2147
1910
4788
4435
4346
1724
3690
2666
1648
3763
3494
3792
1490
111
6109
3079
8779
3859
6247
1264
6985
8401
9600
2430
8100
9985
3692
6386
7927
5712
827
3625
5256
3952
2
5746
8960
4952
7813
947
3253
1558
70
114
6266
2817
4640
4771
9854
7643
8862
9772
5203
4813
3693
9116
4203
3315
7912
5839
7657
4552
8628
3616
9467
5679
5400
7049
6070
9078
7020
5327
1717
1602
9653
7039
8409
4348
7375
4619
9270
1706
8181
5257
1818
2025
6722
5702
1512
9745
9341
5133
6015
4883
4204
7400
4194
9895
7672
6138
1661
7414
4077
7793
3448
5837
6474
8785
2791
3610
3463
5667
3555
4540
5199
1118
1125
3914
3635
7857
5928
8019
9825
2896
5027
9394
8279
6443
7666
5097
9241
6899
567
1522
1237
8092
9967
2807
2750
1117
2971
1001
4215
1384
1136
8116
6361
580
5760
3790
2318
5192
964
4078
7758
525
5550
4776
6714
9662
2359
4126
1755
3187
6275
6402
8177
8128
7701
9001
2978
3002
1408
9203
1193
8086
149
4780
1433
2748
6725
1507
5933
9076
6489
3654
7694
1099
9444
191
6983
1155
5197
783
8298
3726
2523
2930
3492
7964
229
1587
9118
7055
2148
3583
5647
6942
3162
6491
1837
4226
5280
9445
6661
6472
2441
8923
3600
7368
6074
843
6951
3480
8905
1144
6888
8257
2167
4665
7075
593
5165
3508
9147
6608
2597
1035
8863
2174
393
6048
4257
1588
6453
6057
5441
2951
5176
1418
882
8238
996
837
4923
8363
136
7791
9647
951
9206
9702
4971
8498
6263
2965
8536
2050
6605
6040
6577
915
6604
4954
6824
3474
4678
5888
9068
5091
7925
1303
8550
7264
9835
1011
8870
9303
7736
3609
3834
8241
9671
1411
2775
748
1767
454
2618
3266
3428
1218
2735
9652
9017
3752
9470
7225
3200
3968
2772
2334
8574
9688
535
7595
5158
3566
3629
6837
5297
2462
9336
4907
8712
5128
479
1614
2466
8034
2463
9402
9123
6444
5266
4709
6779
9393
5696
6910
1948
3296
5650
164
2286
813
9777
559
7238
6251
9030
1173
8178
4201
7868
2603
8070
4769
1729
7226
1891
2742
8388
3879
380
810
8146
5620
6170
3333
6898
9443
24
5499
6812
8355
4262
8495
7426
9165
1908
834
1005
8994
4924
5440
598
6484
3214
286
2020
1517
8525
9570
7304
6574
3777
5997
1901
1301
6975
137
3992
8910
8682
7945
3459
8637
4289
520
4456
6882
432
6113
1340
3362
1757
202
1132
2512
5954
9440
5102
5570
2796
4996
2793
7221
6371
7934
6521
7071
1036
2478
8004
466
4404
7092
145
6080
6131
954
1076
2860
8768
4898
6980
2297
2422
1989
274
2869
9624
7068
5139
9095
2027
1323
161
8016
4303
6655
217
3191
3057
9264
9479
2811
6259
5764
3178
9575
2310
4209
5567
3413
4696
30
3103
7955
3099
5222
7115
6794
8437
631
5560
443
493
9590
3068
3747
6802
4158
6624
2332
3994
9585
2393
8710
538
575
7247
6760
7461
8615
8698
8937
9686
2925
5416
9365
3731
203
5785
1325
1802
2802
2703
8103
8593
9219
5594
642
6411
5426
5564
2717
2028
5657
4141
7100
900
3435
5359
6464
3176
3622
8505
1790
116
5406
2326
5196
8812
7073
5462
832
5050
382
8165
4000
2166
5245
1563
3134
5826
297
494
633
562
2285
1811
8445
3477
5812
2822
4172
7951
3826
9996
6078
9514
7257
2767
2759
9056
4116
2751
9718
3518
3224
1104
5454
8348
4266
2226
5925
2560
7901
4558
9538
4447
563
3301
566
1385
7093
7748
5217
2169
3756
3730
8459
7311
5893
8928
1957
9093
9101
4104
8832
8830
7338
3478
461
8167
6715
9298
4132
6800
1935
4159
7328
1542
455
4372
6823
308
1115
8295
5362
791
2877
9712
4381
7892
4047
8274
6039
2913
953
5511
7271
6260
4313
6219
6352
2292
517
2530
9698
4105
8290
7106
7246
7902
336
1336
4123
7796
3787
6949
7739
8304
5825
3132
9302
3662
8283
6093
2787
5572
4930
8446
3978
9986
5008
3680
4921
8282
2908
495
7282
92
6144
1116
3880
3943
4317
5103
4034
9868
4509
7626
460
9209
99
2541
7888
3959
4179
2433
6926
5758
521
7273
2686
4391
6194
2950
3163
225
9685
2812
1328
1352
1378
1988
7644
5950
4760
2828
2049
6433
8570
8515
3357
3440
2341
1716
7325
4139
1652
4311
9975
7785
6115
9348
7614
4606
7989
3542
6007
4111
1759
6819
7941
8360
97
4757
4100
8606
4278
9401
2722
9418
8434
219
9433
3058
1781
8795
2756
3295
6691
497
7006
9768
7363
7244
7204
9602
5779
9780
5905
6148
9187
6768
7480
1317
8166
9199
8463
2448
3506
1697
6292
2868
912
5066
3529
7710
9315
3252
3476
8137
2201
8244
243
267
4018
5912
961
8519
5772
4764
7689
2388
3985
4321
7137
1525
519
2962
242
4767
3376
82
3999
9681
6222
7132
139
615
821
7639
7917
6638
5834
2840
771
2244
7452
3723
4806
8250
9032
5531
2070
4420
1461
4770
7636
4658
4886
457
2278
6461
8186
9385
5817
8105
5737
3651
8255
7865
5523
5373
7050
2516
4932
7476
3062
4980
9660
9899
1963
5857
5921
5852
9007
3513
4712
9506
9616
3303
7577
3741
6140
7220
5141
6562
3620
9261
3729
257
9156
4556
8669
7600
1232
2655
9673
1679
3366
4176
8546
5642
8947
4241
978
4121
6539
2897
3541
4641
2558
7875
6374
6351
400
5957
1797
5956
5461
7602
2487
3993
3316
8961
2688
1743
8123
1147
754
6530
8184
6846
7114
4396
4059
118
9520
7298
6438
282
5896
7776
8942
2191
3619
2875
513
2009
9629
345
6862
8038
142
3749
5814
5353
8391
5522
1529
7514
6773
8315
2594
4565
5988
9082
6321
7734
9139
1737
6953
6706
1825
6066
2529
5064
6420
1803
2299
9360
9499
4654
1864
1004
4989
5692
2001
616
3473
1204
4622
7715
6419
3377
2990
9215
2217
3310
9042
4170
7663
8839
7631
108
2915
9581
7954
3084
4131
7629
2585
7556
2824
120
4349
9552
1464
6410
278
985
6566
848
3094
4598
421
8383
2178
6480
6158
4234
9140
4888
3385
8925
9784
7477
2728
4393
5355
6382
8430
9591
5109
7367
3152
4060
196
7548
6360
6719
1639
8099
4144
9890
3745
4582
6225
3869
3391
147
2065
9347
3544
7982
1833
9604
6179
7975
9930
6199
3945
3060
9885
1669
4227
9497
904
5177
8551
7416
1083
6380
5451
7971
5719
8461
5014
6511
9888
7381
6777
8161
775
6952
1585
7407
7924
6497
9919
9258
4455
9833
3182
3520
9179
7017
9536
302
6249
1457
5450
3174
4611
86
9950
2014
1731
4995
6119
294
3631
5443
8794
867
3392
436
8814
433
4714
4754
2778
6398
684
9461
1478
7627
2617
79
1564
9617
6946
8976
7528
3786
2384
362
9361
5524
9137
2283
7164
5493
3820
6992
2835
1028
654
5171
2659
8249
2373
5800
4816
5425
7521
9519
8632
4723
6937
7726
2073
4732
4221
4573
1225
5856
6955
6013
9113
3982
4005
7097
7692
5190
7321
3202
3770
5003
2842
9883
9424
5940
6615
1271
9587
1519
6549
9191
8620
3550
799
9953
1324
2084
5209
6412
8442
5020
6011
6976
5913
3803
7944
6298
2019
8742
1447
8503
5022
1465
3138
6757
5877
8291
176
1306
173
1449
7622
3242
1995
5568
5206
3127
5813
5058
8638
9090
2313
3699
4341
5815
6354
3964
4943
6466
3580
8949
8640
5698
2800
7786
4735
9838
5526
8562
7301
9036
4581
640
1753
8716
1023
1455
5753
3908
2380
4207
2355
1483
2716
5735
235
2739
4285
581
8022
2446
9844
7267
3851
6478
6876
1684
2300
6381
7642
1605
3990
2387
5010
7949
5592
2652
5867
1730
7926
825
5413
2678
2570
7590
3563
9275
9988
293
7553
6866
8625
7678
8352
9283
4422
412
4492
9464
9714
3213
4682
5457
8767
5061
5723
3230
4286
4152
8272
6341
5938
9740
7940
9513
2083
7478
3847
7265
7754
3260
3946
1437
5357
6919
6073
1629
2275
6208
5114
769
2397
6133
7696
2809
1741
4247
8026
6908
2229
4041
823
2708
9522
2152
94
4306
683
2691
4069
6211
5479
6765
7919
8444
6082
8700
9605
6338
6096
1276
1251
4809
4387
2198
543
3425
490
1937
4373
6637
7844
4563
3355
1927
4324
1402
3331
9081
1009
9084
6998
5882
36
3893
3704
691
3771
883
9284
4068
1008
8540
292
5601
5501
6136
5833
5360
7437
884
3782
9706
4292
733
6997
7320
4685
5433
8711
3672
68
8801
2561
1813
2390
4410
4902
6055
9314
8538
1850
1291
295
5129
1190
7116
4339
1003
4448
530
6803
2753
2680
165
9384
8171
8860
5347
6843
354
6999
9517
1327
9080
8339
5738
5821
5972
333
9790
1010
724
5471
5766
9319
5363
742
7574
6332
1026
8218
6378
7087
8977
1135
2910
3327
6712
5544
376
5482
3884
4508
5163
7053
3573
8319
62
6927
8944
638
7856
195
5156
4384
8310
948
2024
281
2888
6134
2929
221
3257
5195
5729
6246
4544
9141
6258
793
3389
5119
9133
1030
4135
2013
7306
9607
7233
5858
3565
6704
422
576
9831
5919
1778
7963
902
876
3031
8251
6783
8650
7787
3293
820
1772
5660
9791
699
3913
8778
367
5287
1383
6322
1725
9075
5023
6547
4424
9277
4688
1492
2146
9307
617
8371
6739
7738
4211
5364
3498
4208
3923
2420
3157
9904
3308
5891
6740
1484
1822
9623
2261
1604
4463
8891
4778
2273
3983
6815
1381
4475
1254
5174
9938
1671
6701
2410
6207
6450
2258
4613
5024
3922
1192
306
74
9448
6597
1285
3010
1692
7898
1635
2046
2494
887
1918
300
2890
7191
1774
5596
104
3890
1131
4304
5900
3142
3400
2180
712
9020
4242
8487
1765
4608
9663
357
880
9013
4277
5344
9446
7804
7223
5338
967
4955
8239
1776
7472
5722
7724
3577
5784
6961
3093
7464
9163
5188
3785
9003
9891
7740
2010
2483
337
6447
1953
2419
9912
2349
4389
9848
6253
4501
1904
9421
2861
9369
1435
3589
7010
4915
7935
7751
3572
9900
6718
7131
2149
3559
2569
7493
4724
2711
2464
2706
5691
2984
916
5955
6027
43
1308
8475
7224
5227
2729
8597
4559
1909
3360
9260
5033
8382
9656
9820
4774
9006
3714
3765
7376
26
3794
95
8642
3388
5606
6789
4731
1972
4173
5816
6617
4937
9802
2233
1107
6687
1894
5589
6319
7193
2197
6018
450
8292
236
7576
6858
4220
2949
8485
6786
936
7956
1518
6581
9221
5448
8482
8521
5703
2823
1830
9583
7936
1394
4535
7634
2669
6829
5951
2238
220
8756
7893
5646
9677
5368
685
8322
2221
5700
3190
9226
2847
1342
8619
7459
3030
8450
126
5339
9222
9067
6430
9908
9389
8621
4109
2454
5004
926
860
1494
8894
3171
1553
7716
1610
9500
4043
998
5366
7350
4183
6538
3689
8846
4327
3650
8046
1244
4190
8575
5044
4987
2724
4333
9709
9639
1242
9308
3300
5204
7130
2006
3998
1393
102
8406
2664
9674
894
4058
4397
7378
8591
7463
5556
811
88
3365
621
4011
6389
8644
9268
9955
2369
1154
681
4390
2833
2210
4446
703
9397
1442
3144
5042
6216
6973
8715
6658
3927
2029
6081
6458
9223
1412
9328
8066
2710
2876
7104
1799
600
7319
6840
1886
1548
3942
5629
5039
1965
9458
3309
2270
4744
4469
8236
4037
2121
4650
1213
3279
123
4727
3318
6705
6305
2941
1961
3576
5804
6660
1733
8466
6580
1486
5224
3089
4476
8418
5335
7771
6817
9518
2093
3539
4698
927
5519
9463
4586
8155
7309
9589
5682
7660
7707
686
3614
1981
2874
3878
3938
1086
3956
5835
7232
9373
6971
8130
1861
2437
7587
9827
524
2514
2347
5604
361
3015
7668
8552
3554
5869
9858
4846
2629
2609
8134
7149
7166
9725
1959
9932
7838
8680
2883
4548
8188
1287
4877
9502
1050
6437
7195
299
868
8481
1783
798
3379
5384
9969
8641
1039
3035
8074
6700
2651
9764
7009
2396
283
6363
8672
2697
6105
2331
3271
7430
872
215
8151
3471
9403
9855
2631
4082
5449
6599
4002
4012
5136
3122
3234
9554
1550
9941
9253
1067
2805
2413
5514
3359
1681
6499
5244
4224
7712
188
4663
2615
9700
7399
9995
9760
7496
2503
8876
7207
1208
3569
6792
975
430
4534
6409
1343
5214
5961
2128
8535
4151
1539
3065
5994
7340
2656
418
5201
4858
5504
7082
207
3046
7125
386
2038
1536
7119
6525
4035
4721
1777
5397
5542
4986
968
5936
3773
5383
9976
8245
1126
7422
9138
3414
9747
1667
6724
5659
5681
258
2107
9089
866
5865
5807
7839
5517
3933
6643
5740
346
3325
6607
7428
4801
2630
6209
6709
7145
2903
8467
6969
9490
8689
5949
8158
8039
4236
1633
3719
3920
7357
9106
5903
8287
3793
8757
993
154
5584
6300
2863
4029
4968
402
3086
3299
8246
5824
8263
3507
3146
5289
2921
8887
4897
9132
5699
5200
4051
9542
4857
3739
9925
3054
2295
1165
9837
6309
1547
844
8790
4036
9250
8951
9257
7921
2168
3656
8729
4785
1672
4615
1907
4016
9413
5116
7991
263
4291
6350
4569
8596
4146
7930
3536
8157
2525
4064
2156
6529
4273
4784
7886
4808
9655
6218
2782
390
1809
3728
2402
251
3815
3761
3277
4213
9980
9294
3495
8317
3462
982
6490
5909
6451
2323
506
5756
1274
9940
9965
1991
9128
3304
5295
9533
5367
1792
130
6046
2469
6182
3557
2335
6987
6684
6854
5716
3383
3780
9285
3012
9952
3665
4206
812
8198
7341
8629
5216
5106
4070
5707
9556
7254
5328
7818
3817
1769
8419
5040
3533
814
3534
3601
944
45
1265
1931
4513
1933
5543
5269
1365
6212
8806
7248
9376
1334
3406
5587
3950
9927
4459
101
9821
2765
2550
1338
7190
923
9073
6886
8903
474
5130
711
3345
9174
98
4887
6822
3402
1580
2421
6339
2059
3669
1593
7401
9998
8623
6213
4400
1673
1952
4462
1892
5752
9143
9357
3386
2276
1851
4977
5059
341
5086
5690
7377
2435
9145
7573
3596
1704
2579
6191
9875
9628
3022
2991
1754
7709
366
7074
6168
6845
3751
6911
5476
1129
7280
344
1839
6957
9043
8296
6229
5265
4280
8129
7380
1905
8539
8933
1018
1031
3150
8764
4191
8193
8429
435
5513
8929
2803
1098
2938
3720
5907
6504
8912
9973
3023
434
2346
2607
4934
8053
5038
8141
6102
1874
4524
5870
394
1233
2484
4053
6905
9217
1124
7180
7638
214
7335
7078
3551
5774
6005
4122
6636
7702
5092
869
5580
39
1185
4086
858
5030
4083
5927
6132
3712
3124
1849
2640
8059
6662
3269
1405
6750
5108
6252
8526
1477
6306
4174
1947
9758
1279
5260
6558
8679
8140
4449
240
1841
7213
4237
3612
3027
489
8349
2696
9843
803
8470
9946
7973
8752
9523
4223
250
5602
9338
4669
1196
96
9381
3096
5417
9886
4602
2138
4092
5322
4186
1027
2695
326
1360
9321
3116
3353
1831
3048
9524
6826
8732
8964
3408
4722
9160
2339
6554
6090
4717
6103
8967
736
700
8687
3281
318
2227
6553
9466
4789
3151
7061
9477
5918
5781
1094
7984
4467
4965
7239
2103
2676
6663
1355
865
4890
6020
1214
7997
6855
9557
956
4782
4453
1625
6333
5334
1409
7774
4451
2263
4484
5321
1857
5995
9350
9736
551
8796
1197
7441
2886
3988
5307
5145
7846
1239
9936
905
4430
729
6042
918
1392
5653
4766
764
3643
6764
903
708
8915
2179
3709
3924
3070
8612
9939
3047
2856
4880
6939
3113
8400
3403
1299
8427
6967
7661
2851
9012
3409
7199
8829
9239
3051
9342
363
8973
9293
8389
1756
4219
5093
7182
4169
5853
1573
5808
6771
7353
6548
8452
4661
3921
3743
4471
697
971
2405
228
8811
705
4468
8598
6439
2515
3243
6769
4983
4008
5268
3987
1867
7891
3238
6644
2032
2763
5718
7330
8191
6153
5777
9914
1096
6098
2406
7679
5623
3052
6282
2452
9910
7502
8651
8740
178
779
3499
6642
5710
5115
332
2486
4699
7072
4570
3461
5240
1121
410
3404
648
9599
399
1321
892
4130
5641
3032
7089
3602
3886
8269
1824
9789
921
5600
3270
9578
4134
9245
64
3854
6108
553
8568
8369
3788
3208
3247
6912
270
7042
9540
557
8007
2762
6201
8549
4489
7829
1318
1195
1215
782
3561
9047
7547
7783
1138
9368
1361
9818
6519
5337
5770
6385
7129
7482
2106
8647
4589
1037
1382
5626
1422
2993
1887
2354
4235
7364
3766
7054
6028
7014
7128
2712
8527
6728
5480
1082
8865
8078
9216
9676
8403
9468
309
6129
8569
7040
9755
3306
2788
6666
4625
4703
7784
9529
4668
9970
5617
8153
7275
6008
3148
1061
3372
1407
7894
4114
9354
3737
6512
6669
4588
6265
9808
1691
6248
7444
7593
8750
3334
9218
7140
8473
4530
1377
5460
3005
4007
8897
7286
404
1654
4643
7334
9071
7250
1869
3755
750
5971
8520
3332
743
8763
8088
6506
1740
248
7208
5186
6825
5678
4786
6313
8851
757
841
9544
636
8992
6365
5878
6870
5714
6879
1002
1723
4842
2948
3618
1160
3221
3806
1793
8033
2511
920
7300
8683
9882
17
5467
7433
7404
5733
23
5221
6943
7242
8489
8031
2412
9366
6732
7252
5239
7510
3813
6112
3509
3375
2245
6970
2026
2429
8914
4991
7095
9407
218
9225
9739
8289
8654
2980
1826
8542
4585
9240
7457
8584
3694
9922
9066
5926
8276
8884
4071
7801
7171
7111
6087
6516
9031
9650
3540
8231
9759
7760
5860
4138
2757
7624
2449
5296
7290
9232
7425
2604
2830
3587
835
6695
5475
9088
8875
4802
4491
1502
6533
5618
1589
4103
360
546
8117
2544
4401
4445
2257
1375
6598
5561
802
424
7946
6892
5743
6245
5374
3944
3167
5959
7648
1568
41
8772
2061
4873
6391
1175
3330
5434
3903
2573
5854
4231
4222
2677
8563
1191
879
4840
4576
5884
6486
8351
3560
5135
4308
1875
6469
8449
3799
663
7069
3110
6152
735
4649
3184
226
1187
3823
3989
8420
1149
5317
1100
1607
874
2946
5180
4541
4287
8872
561
2889
5794
6756
9310
1122
8187
8725
1158
1172
5960
3830
1168
8979
3532
6646
3598
2747
2122
8254
1532
8293
7996
8784
8603
6625
7445
6871
8451
90
6981
6377
6353
5624
3431
6527
4879
2743
4942
7067
3041
5178
6935
2542
765
3624
8361
6126
3417
5132
734
2781
52
9085
3112
3194
5636
6043
3197
2909
8695
7731
9625
6795
87
6071
5181
1184
2205
4157
1236
1761
1295
9786
3049
6932
6196
1832
1337
8306
9292
2150
9233
8522
1156
1445
6902
8168
6193
4
5911
9779
9805
6457
888
9636
3470
942
93
4402
6522
4554
8995
5455
4248
4528
1312
1843
3419
3628
485
4579
6176
9313
2382
395
2007
4604
2635
2552
1032
9210
9005
9534
5908
2894
4137
2069
2905
1987
6860
2117
7662
611
6875
6647
4044
3599
8605
4747
3352
3897
7103
4929
2360
7499
6186
1707
3594
9553
8800
1006
3668
518
5489
7842
2018
5391
1329
2060
6414
3742
5593
6614
9161
3907
4052
4566
6116
3617
9680
3919
1997
5552
2280
5840
9642
7098
4466
2943
2555
2453
4572
8797
2031
7762
6301
1267
6012
3667
5432
1054
3909
1846
4527
4701
156
6877
9185
8149
3686
8358
7790
8061
1570
3059
4631
3153
5747
8908
1823
6675
508
9398
727
1351
2077
5745
3227
6629
3347
6930
428
1113
2736
5052
9207
200
6227
8036
4765
451
246
6780
9902
1622
9550
4739
8754
840
4090
260
7030
6645
2709
9810
3232
204
4427
9305
8941
5189
8533
1282
249
7484
5838
6545
232
6441
4951
7511
3154
8307
3159
8844
2253
6370
6372
3874
2685
623
1128
67
4454
3528
1842
371
172
3045
4353
5412
6383
7
7572
8499
6432
4246
8852
7299
2953
4719
8631
1304
3970
6956
1179
9715
3343
1771
6790
9447
4117
4408
5637
8112
5308
3450
2208
5494
6816
609
8936
9249
8354
5312
1796
7028
9881
8610
4482
5063
4700
6281
7742
6733
7800
2774
4110
4946
3649
9279
1110
7690
8958
7518
381
6762
4486
766
4922
7388
7438
824
6375
4944
3698
9505
2545
4182
2123
5845
6752
914
4243
9548
1566
8396
368
3808
7007
5187
6192
8350
2806
8510
5319
2099
8938
647
1109
1902
3085
2718
1816
5931
3092
9331
1127
678
8896
2625
7550
2289
4413
2587
1973
9853
7411
3482
280
2004
2162
9019
586
3642
1701
8670
9731
3488
113
3274
3123
8828
9641
1423
8727
4728
5393
7442
590
930
4465
3222
3374
4522
744
650
8867
4870
3842
2476
7168
4627
1653
6963
9926
2398
9991
1678
6674
7943
7057
8223
6699
8017
1270
533
6347
2170
3902
3647
1791
1356
4671
7322
8946
5689
8787
655
8555
4525
7532
4310
6501
4461
6241
4662
420
1188
8807
4742
9751
9435
315
7034
9596
2819
4180
913
7753
6178
8528
4693
1316
9769
702
9771
8407
9728
7895
5303
5663
1538
2621
917
8922
8230
7456
1562
7667
3965
8996
4748
7136
4851
6986
71
9395
4555
8064
9330
296
3895
8393
8328
5246
9154
2102
9870
8125
2493
5789
8421
3523
3236
9850
9920
4697
7127
6679
2967
1220
1856
2140
5154
8162
2504
7420
7045
8056
7064
8560
1166
3646
9511
9486
1093
2540
5392
9563
7782
3105
5084
1805
63
8724
5481
6223
5697
5704
9754
9059
3354
885
6814
9649
2090
6652
5910
1879
2136
5675
3911
2348
1662
4140
7863
4412
730
4063
8697
5820
5105
3363
8277
500
672
1171
6072
3387
7603
7118
7806
7966
4596
3311
7018
8517
4039
6716
9255
8410
4368
2039
8423
4027
7287
1520
7110
2839
3867
9811
2317
3570
4094
5630
999
1259
8342
9164
7056
1696
1626
2932
6362
5211
8881
8793
6308
2218
6606
8015
8760
8558
7799
537
3457
4612
1674
1513
6804
7346
159
440
676
1920
6717
6609
1089
3486
3018
7981
5797
2848
3722
6916
5558
2528
1871
8464
3393
1428
4683
5320
468
6404
9195
3314
5809
3195
5054
3290
1747
9924
7519
5605
7557
7126
4376
1750
4941
7423
9644
690
560
8314
4338
9654
6279
5405
2662
861
4150
2104
8483
6342
6106
7549
5377
9063
8008
1964
8911
9460
5205
7424
1584
862
355
439
1130
8182
4988
4432
5167
6571
1680
2792
786
8959
8983
2328
8399
682
3351
2939
3021
7503
8200
2182
4684
4398
629
5613
5683
7500
4091
4407
6583
9869
1958
9432
4803
4871
8968
3675
8160
2305
6925
9555
3553
9615
7008
7339
8496
8156
2620
4305
597
4274
7152
6836
1071
516
2408
3522
1630
4177
9815
9254
2575
7985
8708
2401
1499
9710
2137
2054
8524
9333
1996
7314
5076
4695
4642
9317
4756
4080
1034
5879
2650
8955
1845
3846
5378
4326
2242
6832
2820
674
2000
9713
4433
7485
4320
2758
8690
5140
2727
1424
2715
2220
5210
992
8336
7178
2643
680
4713
3816
8385
7749
8541
7665
5346
5769
2719
29
6670
940
2407
7980
5885
542
1367
2506
5403
4783
5937
9374
3969
5941
2551
5741
4097
1853
2228
7685
2673
4733
5422
4464
4599
7970
1262
1739
2821
6335
2854
5074
5207
3917
7025
2705
5799
3468
192
3104
8454
7578
2080
7830
7274
1252
3361
574
3479
601
2126
4659
795
4385
1017
6396
3882
2062
4664
5218
8580
2783
3147
8021
1711
4597
8730
6676
5855
6454
437
4460
8280
937
7084
3713
5520
9103
6721
9803
7455
7681
1077
5694
5065
6772
133
4825
2627
19
5590
664
6255
9120
9963
8656
3586
8719
1898
5254
3251
6107
6169
9977
8802
3066
6509
5958
5622
5726
5234
194
8164
2734
1919
7684
7215
5041
3548
5101
4328
4633
7611
3636
3067
846
35
8270
2383
1369
2177
2862
9501
4483
4807
838
7737
9434
1722
6399
7596
6058
1742
2246
9951
1448
7645
7824
1432
6089
8626
9004
8717
1489
1319
1878
56
8301
9829
6024
554
6603
8043
5846
738
2311
7628
9454
6954
6446
3415
6550
2236
2269
2647
7296
4797
6397
8544
7331
6448
1049
8556
2564
2917
7699
6376
7770
4926
5095
3814
6610
568
6962
4775
1736
960
7854
3574
8511
2537
3261
4720
7567
3128
512
3160
1198
969
2243
2522
8144
2044
8320
9576
6294
1631
4549
4868
348
3107
3443
1143
131
2377
8565
8900
27
1101
2740
5329
3658
7090
3757
5890
3225
6166
2773
749
9609
4636
5251
2690
7310
9763
970
9668
499
9841
2927
4620
9371
893
1572
8906
9521
2223
9781
6883
2087
8329
3268
2752
1634
1430
7187
6593
5727
9386
6784
3862
751
5330
3673
8809
4239
6
4817
4632
7492
7814
4538
3156
9094
7172
8173
2357
4679
2120
5862
6734
7591
2733
4062
9213
4878
1527
2315
4997
2855
3517
1174
8080
9296
8006
7538
6157
9775
7976
8847
3837
6941
6622
1199
317
6859
9794
8543
7347
5597
8838
850
1146
9785
4686
8258
7154
155
989
1240
1524
3778
4564
3399
6531
1228
5521
8267
8773
2477
3738
4970
7780
2344
7732
5621
4652
6681
7070
463
709
2790
8990
1134
8311
8312
5673
5671
2392
6537
8808
1930
7019
3248
1167
7546
6730
1735
4377
4325
9693
5665
1758
4967
1940
5399
6064
6494
2867
4794
5072
4531
5285
6215
4102
7972
6590
9379
9851
8758
127
6557
9753
1456
3025
3918
7241
9931
6543
7609
673
8474
8316
5571
9358
6077
2681
1362
5213
6097
1954
4914
4364
6477
269
4998
5012
4382
1612
5652
986
6569
3199
5662
3868
4680
405
272
419
1888
6460
7555
714
4440
2212
1491
3584
3652
7382
6204
5540
2011
677
9304
7237
9859
1070
8098
198
2900
7033
5121
2730
6455
407
7415
8081
8655
3130
4288
5429
5603
5965
9856
5131
1123
2969
4145
2624
2628
7612
2592
9362
4981
1505
9200
4487
7598
4344
2816
1441
1057
5507
9994
4790
4136
3870
886
5277
3567
8044
423
8275
1417
259
6312
2055
1106
8788
3912
83
6085
9880
7798
759
2632
6384
1941
908
3342
8780
7828
2505
1114
2565
7885
9246
5242
3069
2801
509
9957
8531
1594
8771
3781
1982
2577
5930
1859
6555
5974
9857
5902
8379
6449
3016
9687
9412
4985
8127
4479
6019
7520
3198
5944
5811
8417
9669
997
7229
5104
6400
5292
7911
5898
9817
1782
6665
2626
8571
9334
22
8775
7096
3390
6364
8205
9243
3201
2583
106
666
5529
59
1647
9824
2456
2572
8221
2215
8343
9041
9592
6221
1073
5945
1481
1925
373
47
2799
4795
8985
6934
2485
8634
6267
7623
2287
6429
8566
6500
2864
174
6243
7153
6959
2606
3382
5408
2319
7412
3866
5554
5616
7355
1936
1728
9819
8318
6594
8341
1186
6755
4205
9117
6818
9168
9026
9060
6171
1658
6295
1497
339
9640
389
1469
6122
4864
1406
792
3121
1999
8082
320
9597
7795
2653
6619
3186
4519
8195
2450
1452
6210
307
3218
8877
1283
1812
7148
8072
2395
7316
9230
3282
5401
7570
1443
6146
7409
4418
6627
726
4429
7396
8176
4515
8190
605
6440
6984
8509
9968
4587
6021
157
2995
4184
4307
1915
9800
7755
6968
3953
5310
1699
3503
8783
6761
8337
5717
9614
9190
2746
3516
573
9993
6038
3003
4850
4249
1074
4282
9311
5002
5202
9896
6422
7000
6947
1500
8069
184
3139
4421
7959
3211
2381
1543
9178
5562
5026
7881
7398
6639
7419
3346
9646
9208
4911
183
6685
9
9301
7362
2164
3106
7606
7467
7361
284
1619
1397
5640
4360
1903
2211
8264
9776
1300
6424
2970
3429
8831
3249
5016
8940
9008
3562
9181
8477
9774
6235
8766
6002
4708
2663
4072
7559
9300
401
1
4335
3638
7931
2438
4852
5706
8500
9150
1932
4507
9051
6993
5736
4512
8635
3659
5644
7767
8748
3627
9492
1608
6034
206
9806
1013
7384
1212
2204
5009
9972
8247
7583
809
4860
946
7809
289
3875
9426
7752
4040
2052
2322
2797
9541
3504
498
2290
7641
7974
1266
5350
7850
9049
7808
3979
7508
504
6535
5324
6016
5182
4406
1773
216
1178
5478
4847
5687
6915
2679
4322
7841
2907
2279
4919
6234
9934
747
3810
5332
5914
5484
5436
7373
6503
4163
9526
319
1872
6552
1944
4210
657
3838
4691
4380
3840
1624
8346
3997
4592
1645
2548
2338
3981
1968
1310
1444
2591
3776
2923
2232
1245
667
1745
6325
6754
3322
9711
9027
1943
9543
323
2985
5536
7219
5685
9826
7763
5365
3716
4371
9504
9204
1801
8998
8916
3073
1914
8652
5923
2780
4610
8930
2213
6938
8229
298
6736
4295
572
9799
2557
1189
6923
5505
4452
7192
1976
7029
208
2526
1890
1946
7185
0
9493
276
570
3004
325
6900
5051
3961
5829
9495
7230
2755
5705
3564
8145
3818
957
9100
3319
1357
8334
1770
5459
3836
9866
1229
4439
7711
7608
7385
9234
7294
8378
3679
531
4939
6672
5143
6232
7393
2189
9797
9862
8278
3648
9742
4854
9852
6091
3848
8408
4547
2043
3125
9992
2480
7397
8564
6873
898
1389
9091
776
9737
3008
8207
4021
9816
9450
1474
7015
7915
7533
8984
3843
5179
4383
2460
6296
9148
2732
755
8649
1496
397
8197
9170
4826
603
6076
1787
934
6990
2794
8559
5975
1243
5343
3955
6487
5929
3329
3267
8032
5786
11
6747
1615
6346
9603
6493
8183
8225
1458
8227
8248
462
7389
7421
7491
1401
2892
9887
1349
2776
6630
5419
2479
9782
5270
6393
4518
8917
2249
1141
5340
4218
9263
2193
8024
4617
8557
1145
3677
6914
6857
261
7487
4302
5294
5973
7599
1460
5219
7349
4796
9115
1399
2113
6068
8335
4828
6110
201
1480
6413
464
3611
1880
4892
7343
7700
447
637
2342
6496
4979
7436
7317
1139
4651
4197
8048
7899
3185
6456
3972
8677
6513
3883
1575
5638
7188
5148
5875
2619
564
4129
448
7255
3143
6320
9971
5739
9405
7345
6343
5379
6799
5274
5492
9211
3888
6797
945
1223
5184
7872
1364
6948
1983
3209
287
7435
1470
7162
8818
3947
9244
7843
5021
6667
3307
2135
1640
7214
3395
1600
6586
5709
555
8076
3829
6890
7822
7897
8741
2111
7481
9795
5915
3449
6972
2492
3682
4272
7402
4656
9823
1440
1670
5625
6336
6471
9390
5173
1554
5247
9074
7305
649
7704
7571
8209
8411
5348
8971
8169
2527
4710
9516
7259
2447
2559
3283
9846
7413
4323
1025
5655
4428
5762
8617
2731
7079
701
5298
716
8646
9547
6154
9400
5191
9699
4609
288
5610
3552
3412
8110
305
2556
4416
4909
8323
7693
4820
3205
5569
3371
3887
2588
5318
2159
2248
7669
9560
1062
6628
2195
4024
144
2844
5686
4112
9814
2424
470
6640
9202
53
2132
76
158
2954
1111
3603
2096
8633
4948
5402
1068
6894
9343
1021
8365
2119
2532
5581
8726
1058
4726
7270
618
3445
6270
2108
1042
8480
1029
2580
1260
7914
6254
5939
8447
3962
9796
2567
5577
9860
5120
7173
2418
8404
9889
5634
1710
6623
756
7637
8055
7530
396
2601
2547
6293
3364
1112
5790
491
4577
109
710
1844
4101
6602
7658
7041
3034
807
1829
4370
9108
8424
6978
9598
6994
7803
1848
9913
1870
7022
9595
6137
9276
482
2284
4773
9092
9029
5728
8886
4284
2955
4441
739
9485
7462
2041
5259
4931
1140
2813
8240
8723
33
9580
2470
5871
8704
8135
9568
4189
1541
385
5089
3401
3530
8738
9749
6683
9469
4023
2918
6791
4225
3250
6835
444
3337
264
49
415
1302
3172
9269
5701
8981
6893
3521
5267
9949
7043
9672
2481
1763
696
1924
6310
5656
210
3302
2649
6966
5243
7138
8609
7686
9482
9537
2498
2015
2857
6483
9197
938
9798
7504
8491
4258
8118
9382
4045
3976
9131
4960
2672
1438
9290
8302
2362
2336
4751
1137
679
836
5633
6613
6373
8611
9473
4755
5744
3367
1273
265
6197
5966
5263
2057
7206
3502
2660
3514
5892
8493
1531
7117
6690
4681
2394
6775
8882
5649
1286
6285
9488
4202
7501
2066
3349
852
502
9696
3802
4185
8587
6001
1779
5469
8119
1211
5371
3493
7471
6884
2254
2933
4485
2658
7475
5491
2818
4845
9387
6847
6570
6913
963
5342
1398
1967
8027
3967
7527
1234
9427
3422
5134
5998
9611
8776
5150
3822
7283
8733
9159
5235
3928
1865
8821
5438
3115
5444
7266
7564
2871
1552
5351
950
2700
4195
7866
9083
6827
6141
7141
1854
9238
1294
9830
2293
4992
4787
6000
4738
6276
9025
8374
9561
5631
4670
347
5465
6895
3228
1256
7860
6842
932
359
8387
7537
4905
6559
4253
5551
6470
9594
2661
5608
8924
6124
7293
9280
4124
4216
9231
7333
9695
5872
4638
5778
4974
5881
4978
4009
7580
5470
1348
1045
3926
5410
2219
3732
166
6167
8305
5309
4561
5668
279
9054
5497
3217
8175
2996
1194
5863
4605
8271
797
2808
8478
1545
5437
8547
9346
481
7766
3934
3117
369
5495
8219
4281
854
8827
3484
622
565
9637
2563
8585
6044
7529
9539
3420
6865
6394
822
5333
4866
2845
6748
1928
180
9465
8954
7823
91
3180
186
9719
343
5225
6726
842
6881
2928
4872
478
3272
3108
9707
44
1033
5056
2203
4882
8085
2769
3212
8313
7077
6828
8375
5619
6523
9509
7706
1495
2085
8109
5273
3527
1616
6928
3725
3754
1288
9476
3975
9722
3246
6238
7947
3525
3078
5724
351
1133
6237
7234
8803
4862
6940
3335
510
2866
7488
5452
7788
3168
8041
8819
5664
6482
8864
624
4947
6989
7102
660
3396
2521
9034
9778
3024
8232
5326
7607
7847
9392
9172
5528
6190
2367
6744
787
5537
8798
7811
3865
6324
4107
4903
789
7988
9586
3416
8333
2074
2539
7135
9272
3764
3
7757
1400
4356
7741
7673
628
9127
8843
9898
1176
5272
6561
119
3930
7315
5990
7134
1530
873
806
6753
190
1794
1526
9664
9822
8816
6579
7922
327
8273
3464
737
7390
6084
3265
7853
6575
2956
661
2586
1926
4431
5588
5017
6045
5868
2702
5352
14
9746
7405
4354
7987
1582
7336
4298
9474
1641
2490
4758
3831
3748
1078
9442
5241
725
4896
8627
5545
9322
5414
5047
3192
828
3206
4715
486
8097
8426
1331
3653
1627
1551
3161
7826
5549
6650
4254
9717
1354
148
7038
8842
4881
1571
6075
9942
8982
9897
2999
7907
7730
9129
3641
2870
4414
6250
4228
4595
958
1590
9035
2417
639
187
8494
3861
4167
2030
1391
2255
7260
1814
4950
4113
81
2789
845
3320
6735
3081
2884
5198
6067
1721
7292
9840
4073
1350
9937
1806
6032
5759
4198
6395
4270
1055
5237
9236
7159
6217
1969
8003
8718
4667
8576
9666
816
7176
833
2082
8047
8095
9271
5423
859
1297
6844
6468
4155
8101
7036
9906
442
3430
7906
8065
2427
9648
5415
2581
6349
3661
3759
4188
2071
8590
7588
107
9318
2634
9422
6330
6387
4690
2633
3264
7619
6541
745
1873
2343
7831
896
2593
4962
780
8321
773
2500
5844
3040
8057
6920
831
1476
2641
909
7869
252
6233
3350
7370
2906
9344
4736
2230
8368
6195
211
9569
3727
2786
8786
6576
5583
1373
9242
3681
5193
6906
1726
4014
2825
1751
4574
6083
9177
6206
3591
1247
2183
2952
9391
5795
1923
7792
4309
4705
713
7536
8308
3418
9050
1341
2843
1595
8907
5409
7635
5942
8743
7722
6878
3028
4811
5548
6727
8
4193
1601
1390
84
8460
2637
9532
7332
965
9070
3762
3278
8673
7994
4711
6995
2194
3273
2327
9990
5029
6839
3240
1479
7403
2879
9720
4704
7201
7458
7772
7122
9741
7410
7594
523
3889
2682
6589
6436
5446
5886
1272
3958
2207
9508
5749
4779
4666
2161
3455
8913
5341
4042
2425
5113
3262
6094
160
1022
9356
8618
8440
2997
7601
5496
103
5019
7348
4142
7714
5160
7883
3630
9923
7825
2252
6573
602
5578
1885
7060
5765
3986
2116
1087
1249
6118
4830
3289
4793
3753
8179
3421
6682
5731
6611
3585
662
704
9944
9456
9911
3166
9086
349
4442
7874
511
5934
1693
5098
2181
534
7312
7065
2260
9044
4171
6291
7542
9099
8861
3077
6086
2155
9727
4568
4687
4369
8986
4075
895
6495
1395
9813
5071
9956
2426
4889
4734
7012
3098
3340
2307
6831
7851
1313
3485
8058
6465
5996
6861
587
9873
9961
1488
4833
8150
2940
7664
8747
3744
4933
7337
9126
1565
3960
31
1075
9325
3796
3050
6403
3789
392
2698
4607
8805
8214
1275
7231
9146
815
5720
527
8050
3702
25
8858
7183
7091
3833
7002
3701
5358
6421
7386
